1 0 216 0
2 28 216 446
3 0 216 0
4 0 216 0
5 179 216 413
6 0 216 0
7 0 216 0
8 0 216 0
9 0 216 0
10 0 216 0
11 0 216 0
12 0 216 0
13 0 216 0
14 0 216 0
15 0 216 0
16 0 216 0
17 203 216 405
18 190 216 408
19 0 216 0
20 0 216 0
21 0 216 0
22 199 216 406
23 0 216 0
24 0 216 0
25 0 216 0
26 186 216 412
27 0 216 0
28 0 216 0
29 189 216 410
30 0 216 0
31 171 216 421
32 175 216 417
33 0 216 0
34 207 216 404
35 0 216 0
36 214 216 399
37 164 216 423
38 0 216 0
39 0 216 0
40 0 216 0
41 0 216 0
42 0 216 0
43 67 216 442
44 0 216 0
45 0 216 0
46 0 216 0
47 0 216 0
48 32 216 445
49 160 216 425
50 0 216 0
51 0 216 0
52 0 216 0
53 129 216 430
54 0 216 0
55 0 216 0
56 79 216 440
57 0 216 0
58 168 216 422
59 0 216 0
60 189 216 411
61 0 216 0
62 0 216 0
63 0 216 0
64 161 216 424
65 208 216 403
66 0 216 0
67 0 216 0
68 0 216 0
69 50 216 443
70 0 216 0
71 0 216 0
72 0 216 0
73 137 216 428
74 0 216 0
75 118 118 432
76 0 216 0
77 0 216 0
78 0 216 0
79 0 216 0
80 0 216 0
81 6 216 450
82 196 216 407
83 0 216 0
84 0 216 0
85 0 216 0
86 0 216 0
87 0 216 0
88 0 216 0
89 0 216 0
90 0 216 0
91 0 216 0
92 0 216 0
93 0 216 0
94 0 216 0
95 0 216 0
96 0 216 0
97 0 216 0
98 0 216 0
99 0 216 0
100 0 216 0
101 179 216 414
102 0 216 0
103 0 216 0
104 0 216 0
105 0 216 0
106 0 216 0
107 190 216 409
108 0 216 0
109 0 216 0
110 117 216 433
111 0 216 0
112 173 216 418
113 0 6 0
114 0 216 0
115 0 216 0
116 160 216 426
117 0 216 0
118 0 216 0
119 0 216 0
120 0 216 0
121 0 216 0
122 0 216 0
123 8 216 449
124 0 216 0
125 0 216 0
126 47 216 444
127 0 216 0
128 0 216 0
129 0 216 0
130 0 216 0
131 0 216 0
132 0 216 0
133 0 216 0
134 0 216 0
135 0 216 0
136 0 216 0
137 214 216 400
138 68 216 441
139 0 216 0
140 0 216 0
141 0 216 0
142 0 216 0
143 0 216 0
144 0 216 0
145 0 216 0
146 117 216 434
147 0 216 0
148 0 216 0
149 0 216 0
150 0 191 0
151 0 216 0
152 0 216 0
153 0 216 0
154 0 216 0
155 0 216 0
156 0 216 0
157 0 216 0
158 0 216 0
159 0 216 0
160 0 216 0
161 0 216 0
162 0 216 0
163 0 70 0
164 0 216 0
165 0 216 0
166 0 216 0
167 0 216 0
168 0 216 0
169 0 216 0
170 0 216 0
171 0 216 0
172 0 216 0
173 0 216 0
174 0 216 0
175 0 216 0
176 0 216 0
177 0 216 0
178 0 216 0
179 0 216 0
180 0 81 0
181 0 216 0
182 0 216 0
183 0 216 0
184 0 216 0
185 176 216 416
186 0 11 0
187 0 216 0
188 0 216 0
189 0 216 0
190 0 216 0
191 0 216 0
192 0 216 0
193 25 216 447
194 0 216 0
195 210 216 402
196 0 216 0
197 0 77 0
198 0 198 0
199 0 216 0
200 0 216 0
201 0 216 0
202 211 216 401
203 0 216 0
204 115 216 435
205 0 216 0
206 0 216 0
207 0 216 0
208 0 216 0
209 0 216 0
210 0 216 0
211 0 216 0
212 0 216 0
213 0 216 0
214 0 216 0
215 0 216 0
216 0 216 0
217 0 216 0
218 0 22 0
219 0 216 0
220 0 216 0
221 0 216 0
222 0 216 0
223 0 216 0
224 0 216 0
225 172 216 420
226 0 216 0
227 0 216 0
228 114 216 436
229 114 216 437
230 0 216 0
231 0 216 0
232 0 216 0
233 0 216 0
234 173 216 419
235 0 216 0
236 0 216 0
237 0 216 0
238 0 216 0
239 0 216 0
240 0 216 0
241 0 50 0
242 0 111 0
243 0 216 0
244 0 89 0
245 0 216 0
246 178 216 415
247 0 47 0
248 0 216 0
249 0 216 0
250 0 216 0
251 0 216 0
252 0 117 0
253 0 33 0
254 0 55 0
255 0 216 0
256 0 60 0
257 0 3 0
258 0 18 0
259 0 53 0
260 159 216 427
261 1 216 451
262 0 216 0
263 0 216 0
264 0 216 0
265 131 216 429
266 0 216 0
267 0 216 0
268 96 216 439
269 0 216 0
270 0 216 0
271 0 216 0
272 0 216 0
273 0 216 0
274 0 216 0
275 0 216 0
276 0 216 0
277 16 16 448
278 1 216 451
279 1 216 0
281 6 216 450
282 8 216 449
283 9 9 0
284 11 216 0
285 11 11 0
286 16 216 0
287 16 216 448
288 17 216 0
289 18 216 0
290 25 216 447
291 27 27 0
292 28 197 446
293 29 117 0
294 29 29 0
295 32 216 445
296 41 216 0
297 47 216 444
298 50 216 443
299 51 216 0
300 61 216 0
301 63 63 0
302 67 169 0
303 67 216 442
304 68 216 441
305 74 74 0
306 113 216 438
307 79 216 440
308 83 216 0
309 93 216 0
310 95 110 0
311 96 216 439
312 100 100 0
313 102 216 0
314 109 109 0
315 113 216 438
316 114 155 437
317 114 216 436
318 115 216 435
319 116 216 0
320 117 216 433
321 117 216 434
322 118 118 0
323 118 216 432
324 121 173 0
325 127 127 0
326 129 216 430
327 129 216 431
328 129 129 0
329 131 144 429
330 132 132 0
331 135 216 0
332 135 143 0
333 137 137 0
334 137 216 428
335 139 216 0
336 142 142 0
337 144 216 0
338 145 146 0
339 145 145 0
340 147 177 0
341 149 216 0
342 151 151 0
343 152 216 0
344 154 216 0
345 159 216 427
346 160 216 425
347 160 216 426
348 161 216 424
349 164 216 0
350 164 216 423
351 168 216 422
352 169 169 0
353 171 216 421
354 172 216 420
355 173 173 0
356 173 216 418
357 173 216 419
358 175 216 417
359 175 178 0
360 176 216 416
361 178 195 0
362 178 216 415
363 179 216 413
364 179 216 414
365 179 186 0
366 180 188 0
367 181 199 0
368 186 216 412
369 189 216 410
370 189 216 411
371 190 216 408
372 190 194 0
373 190 216 409
374 190 190 0
375 196 216 407
376 197 199 0
377 199 216 406
378 202 202 0
379 203 216 0
380 203 205 0
381 203 216 405
382 204 206 0
383 205 205 0
384 206 206 0
385 207 207 0
386 207 216 404
387 208 216 403
388 210 211 0
389 210 216 402
390 211 216 401
391 213 216 0
392 213 216 0
393 213 213 0
394 214 216 399
395 214 216 0
396 214 216 400
397 215 216 0
398 216 216 0
399 0 213 0
400 0 213 0
401 0 210 0
402 0 209 0
403 0 207 0
404 0 206 0
405 0 202 0
406 0 198 0
407 0 195 0
408 0 189 0
409 0 189 0
410 0 188 0
411 0 188 0
412 0 185 0
413 0 178 0
414 0 178 0
415 0 177 0
416 0 175 0
417 0 174 0
418 0 172 0
419 0 172 0
420 0 171 0
421 0 170 0
422 0 167 0
423 0 163 0
424 0 160 0
425 0 159 0
426 0 159 0
427 0 158 0
428 0 136 0
429 129 130 431
430 0 128 0
431 0 128 0
432 0 117 0
433 0 116 0
434 0 116 0
435 0 114 0
436 0 113 0
437 0 113 0
438 78 112 0
439 0 95 0
440 0 78 0
441 0 67 0
442 0 66 0
443 0 49 0
444 0 46 0
445 0 31 0
446 0 27 0
447 0 24 0
448 0 15 0
449 0 7 0
450 0 5 0
451 0 0 0
