1 65 206 274
2 0 0 0
4 6 206 295
5 101 206 265
6 149 206 250
7 169 206 242
8 6 206 296
9 147 206 251
10 153 164 248
11 124 127 258
12 189 206 233
13 16 24 291
14 0 206 0
15 0 206 0
16 0 162 0
17 25 206 286
18 29 206 284
19 35 206 282
20 129 158 256
21 0 20 0
22 0 206 0
23 174 206 239
24 0 48 0
25 0 5 0
26 57 206 275
27 24 60 288
28 50 83 278
29 34 129 283
32 0 1 0
33 27 38 285
34 0 25 0
35 0 35 0
36 2 78 299
37 6 14 297
38 6 28 297
39 6 44 295
42 160 206 245
43 177 206 235
44 16 35 291
45 191 200 232
46 186 206 234
47 22 84 289
48 24 60 288
49 25 89 286
50 25 42 287
51 27 35 285
52 29 206 284
53 34 45 283
54 35 206 282
55 137 206 253
56 110 120 264
57 46 155 0
58 50 206 279
59 46 65 0
60 50 206 279
61 50 63 278
62 50 52 0
63 202 206 228
64 155 206 246
65 55 77 0
66 57 206 275
67 58 64 0
68 59 71 0
69 65 83 0
70 65 198 274
71 79 181 269
72 69 84 0
73 175 206 237
74 139 187 252
75 72 83 0
76 201 206 229
77 73 73 0
78 136 206 254
79 76 77 0
80 76 120 0
82 88 114 267
83 166 206 243
84 85 206 0
85 88 128 267
86 92 180 266
87 0 15 0
88 198 206 230
89 110 120 264
90 111 182 263
91 177 206 236
93 174 206 240
94 197 206 231
95 155 200 247
96 125 206 0
97 128 206 257
98 129 164 256
99 203 206 227
100 136 144 254
101 137 206 253
102 139 206 252
103 147 206 251
104 149 206 250
105 152 206 0
106 152 206 249
107 153 206 248
108 155 206 246
109 155 206 247
110 160 206 245
111 166 166 244
112 166 206 243
113 166 166 244
114 169 206 242
115 172 172 241
116 172 172 241
117 174 206 240
118 174 206 239
119 175 206 237
120 175 183 238
121 177 183 235
122 177 206 236
123 186 206 234
124 189 206 233
125 191 191 0
126 191 206 232
127 197 206 231
128 198 206 230
129 198 198 0
130 200 206 0
131 201 206 229
132 202 206 228
133 203 206 227
134 205 206 225
135 205 206 226
136 206 206 0
137 0 13 0
140 205 206 225
149 44 206 281
160 79 206 269
214 152 206 249
224 205 206 226
225 6 204 298
226 116 204 261
227 130 202 255
228 116 201 261
229 111 200 263
230 101 197 265
231 175 196 238
232 46 190 280
233 92 188 266
234 130 185 255
235 121 176 260
236 114 176 262
237 124 174 259
238 124 174 259
239 0 173 0
240 121 173 260
241 171 171 0
242 52 168 277
243 80 165 268
244 165 165 0
245 8 159 294
246 53 154 276
247 124 154 258
248 2 152 299
249 128 151 257
250 80 148 268
251 53 146 276
252 71 138 272
253 44 136 281
254 75 135 270
255 75 129 270
256 22 128 289
257 16 127 292
258 71 123 272
259 70 123 273
260 70 120 273
261 114 115 262
262 52 113 277
263 73 110 271
264 73 109 271
265 0 100 0
266 21 91 290
267 79 87 0
268 0 79 0
269 68 78 0
270 21 74 290
271 46 72 0
272 15 70 293
273 15 69 293
274 0 64 0
275 0 56 0
276 0 52 0
277 0 51 0
278 25 49 287
279 46 49 280
280 16 45 292
281 6 43 298
282 0 34 0
283 0 33 0
284 0 28 0
285 0 26 0
286 0 24 0
287 0 24 0
288 0 23 0
289 0 21 0
290 0 20 0
291 0 15 0
292 8 15 294
293 0 14 0
294 6 7 296
295 0 5 0
296 0 5 0
297 3 5 0
298 0 5 0
299 0 1 0