496,5,495,6,494,7,493,8,493,9,492,10,492,11,492,12,493,13,493,14,493,15,493,16,494,17,494,18,495,19,496,20,497,21,498,22,499,23,500,24,501,24,502,25,503,25,504,25,505,25,506,25,507,25,508,25,509,25,510,24,511,23,512,22,513,22,513,21,514,20,514,19,515,18,515,17,515,16,515,15,515,14,515,13,514,12,514,11,513,10,513,9,512,8,511,7,510,7,509,6,508,6,507,6,506,6,505,6,504,6,503,6,502,6,501,5,500,5,499,5,498,5,497,5
891,12,890,13,889,13,888,14,887,15,887,16,886,17,886,18,886,19,886,20,886,21,887,22,887,23,887,24,886,25,887,26,887,27,887,28,888,29,889,29,890,30,891,30,892,30,893,30,894,31,895,31,896,30,897,30,898,29,899,29,900,28,901,27,902,26,902,25,902,24,903,23,903,22,903,21,903,20,903,19,902,18,902,17,902,16,901,15,900,14,899,13,898,13,897,12,896,12,895,12,894,12,893,12,892,12
587,45,586,46,585,46,584,47,583,47,582,48,581,48,580,49,579,50,578,51,577,52,576,53,575,54,574,55,574,56,574,57,575,58,576,59,577,60,578,61,579,61,580,62,581,62,582,62,583,63,584,63,585,63,586,63,587,63,588,63,589,64,590,64,591,63,592,63,593,63,594,63,595,62,596,61,596,60,597,59,598,58,598,57,598,56,598,55,598,54,598,53,598,52,598,51,597,50,597,49,596,48,595,47,594,46,593,46,592,45,591,45,590,45,589,45,588,45
170,46,169,47,168,47,167,47,166,48,165,49,164,50,164,51,163,52,163,53,163,54,163,55,163,56,164,57,164,58,165,59,166,60,167,61,168,62,169,62,170,62,171,62,172,62,173,61,174,61,175,61,176,61,177,60,178,59,179,58,179,57,180,56,180,55,180,54,179,53,179,52,178,51,178,50,177,49,176,48,175,47,174,47,173,47,172,46,171,46
614,47,613,48,612,48,611,49,610,50,609,51,609,52,608,53,608,54,608,55,608,56,608,57,608,58,608,59,608,60,608,61,609,62,609,63,610,64,611,65,612,65,613,66,614,66,615,66,616,66,617,66,618,66,619,66,620,65,621,65,622,64,623,63,623,62,624,61,624,60,624,59,624,58,624,57,624,56,624,55,624,54,624,53,623,52,623,51,622,50,621,49,620,48,619,48,618,47,617,47,616,47,615,47
249,84,248,85,247,85,246,85,245,85,244,86,243,87,242,88,242,89,242,90,241,91,241,92,241,93,241,94,241,95,242,96,242,97,243,98,243,99,244,100,245,100,246,101,247,102,248,102,249,103,250,103,251,103,252,103,253,103,254,103,255,103,256,102,257,101,258,100,259,99,259,98,260,97,260,96,260,95,260,94,260,93,260,92,259,91,259,90,258,89,257,88,257,87,256,87,255,86,254,85,253,85,252,85,251,84,250,84
994,90,993,91,992,91,991,92,990,93,990,94,989,95,989,96,988,97,988,98,988,99,989,100,989,101,990,102,991,103,992,104,993,104,994,105,995,105,996,105,997,105,998,104,999,104,1000,103,1001,102,1001,101,1002,100,1002,99,1002,98,1002,97,1001,96,1002,95,1002,94,1002,93,1001,92,1000,91,999,90,998,90,997,90,996,90,995,90
13,98,12,99,11,99,10,100,10,101,9,102,9,103,9,104,10,105,9,106,9,107,9,108,9,109,9,110,10,111,10,112,11,113,12,113,13,114,14,114,15,114,16,114,17,114,18,114,19,113,20,113,21,112,22,112,23,111,23,110,24,109,24,108,25,107,26,106,26,105,26,104,25,103,24,102,23,101,22,100,21,99,20,99,19,98,18,98,17,98,16,98,15,98,14,98
442,102,441,103,440,103,439,103,438,103,437,104,436,105,436,106,435,107,434,108,434,109,434,110,434,111,434,112,434,113,434,114,434,115,434,116,435,117,436,118,437,119,438,119,439,119,440,120,441,120,442,120,443,120,444,120,445,119,446,119,447,118,448,118,449,117,450,116,450,115,451,114,451,113,451,112,451,111,450,110,450,109,450,108,450,107,449,106,448,105,447,104,446,104,445,103,444,103,443,103
422,171,421,172,420,173,419,174,418,175,418,176,418,177,418,178,418,179,418,180,418,181,418,182,419,183,419,184,420,185,421,186,422,186,423,186,424,187,425,187,426,187,427,186,428,186,429,186,430,185,431,184,432,183,432,182,433,181,433,180,433,179,433,178,433,177,432,176,432,175,431,174,431,173,430,172,429,172,428,171,427,171,426,171,425,171,424,171,423,171
405,176,404,177,403,177,402,178,402,179,401,180,401,181,401,182,401,183,401,184,401,185,402,186,403,187,404,188,405,189,406,189,407,190,408,190,409,190,410,190,411,189,412,189,413,189,414,188,415,188,415,187,416,186,416,185,416,184,416,183,416,182,416,181,416,180,415,179,414,178,413,177,412,176,411,176,410,176,409,176,408,176,407,176,406,176
6,210,5,211,4,211,3,212,2,213,2,214,1,215,1,216,1,217,1,218,1,219,1,220,1,221,1,222,1,223,1,224,2,225,3,225,4,226,5,226,6,226,7,227,8,227,9,227,10,227,11,227,12,227,13,227,14,227,15,226,16,226,17,225,18,224,19,223,19,222,19,221,19,220,19,219,19,218,19,217,19,216,18,215,18,214,17,213,16,212,16,211,15,211,14,210,13,210,12,210,11,210,10,210,9,210,8,210,7,210
493,255,492,256,491,256,490,257,489,257,488,258,487,259,486,260,485,260,485,261,484,262,483,263,483,264,482,265,482,266,481,267,481,268,481,269,482,270,483,271,484,272,485,273,486,273,487,274,488,275,489,275,490,275,491,275,492,275,493,275,494,275,495,275,496,275,497,275,498,275,499,275,500,274,501,274,502,273,503,272,504,271,505,270,506,269,506,268,506,267,506,266,507,265,507,264,506,263,506,262,506,261,505,260,504,259,503,258,502,258,501,257,500,256,499,256,498,256,497,255,496,255,495,255,494,255
47,387,46,388,45,388,44,388,43,388,42,388,41,389,40,389,39,390,38,391,38,392,38,393,38,394,38,395,38,396,38,397,38,398,39,399,40,400,41,401,42,402,43,402,44,403,45,404,46,404,47,404,48,404,49,404,50,404,51,403,52,403,53,402,54,401,55,400,56,399,56,398,56,397,56,396,56,395,55,394,55,393,54,392,53,391,53,390,52,389,52,388,51,387,50,387,49,387,48,387
113,460,112,461,111,461,110,461,109,461,108,462,107,463,106,464,106,465,105,466,105,467,105,468,105,469,105,470,105,471,105,472,105,473,105,474,106,475,106,476,107,476,108,477,109,478,110,479,111,479,112,479,113,480,114,480,115,480,116,480,117,480,118,479,119,479,120,478,121,477,122,476,122,475,123,474,123,473,123,472,123,471,123,470,123,469,123,468,122,467,122,466,121,465,121,464,120,464,119,463,118,463,117,462,116,461,115,461,114,460
771,486,770,487,769,487,768,487,767,488,766,488,765,489,764,490,763,491,763,492,762,493,762,494,761,495,761,496,761,497,761,498,761,499,761,500,762,501,762,502,763,503,764,504,765,505,766,505,767,505,768,505,769,505,770,505,771,504,772,504,773,504,774,503,775,503,776,502,776,501,777,500,778,499,778,498,779,497,779,496,779,495,779,494,779,493,779,492,779,491,778,490,778,489,777,488,776,487,775,487,774,487,773,486,772,486
744,524,743,525,742,525,741,526,740,527,740,528,740,529,740,530,740,531,740,532,741,533,741,534,742,535,743,536,744,536,745,537,746,538,747,538,748,538,749,538,750,538,751,538,752,538,753,538,754,538,755,537,756,537,757,536,758,535,759,534,759,533,760,532,760,531,760,530,759,529,759,528,758,527,757,526,756,526,755,525,754,525,753,525,752,525,751,525,750,525,749,525,748,525,747,525,746,524,745,524
552,572,551,573,550,573,549,573,548,573,547,574,546,574,545,575,544,576,544,577,543,578,543,579,542,580,542,581,542,582,542,583,542,584,542,585,542,586,542,587,542,588,542,589,543,590,544,591,545,591,546,592,547,592,548,593,549,593,550,593,551,593,552,593,553,593,554,592,555,592,556,591,557,590,558,590,559,589,560,588,561,587,562,586,563,585,564,584,564,583,563,582,563,581,563,580,562,579,562,578,562,577,561,576,560,575,559,575,558,574,557,574,556,573,555,573,554,572,553,572
1009,586,1008,587,1007,587,1006,587,1005,588,1004,589,1003,590,1003,591,1003,592,1003,593,1003,594,1003,595,1003,596,1003,597,1003,598,1004,599,1004,600,1005,601,1005,602,1006,602,1007,603,1008,604,1009,604,1010,604,1011,604,1012,604,1013,604,1014,604,1015,604,1016,603,1017,603,1018,602,1019,601,1019,600,1020,599,1020,598,1021,597,1021,596,1021,595,1021,594,1021,593,1020,592,1020,591,1019,590,1018,589,1017,588,1016,588,1015,587,1014,587,1013,586,1012,586,1011,586,1010,586
1003,609,1002,610,1001,611,1000,612,999,613,998,614,998,615,998,616,998,617,998,618,998,619,998,620,999,621,1000,622,1001,623,1002,624,1003,624,1004,624,1005,625,1006,625,1007,625,1008,625,1009,625,1010,625,1011,625,1012,625,1013,625,1014,624,1015,624,1016,623,1017,622,1017,621,1018,620,1018,619,1018,618,1018,617,1018,616,1018,615,1017,614,1017,613,1016,612,1015,611,1014,610,1013,610,1012,610,1011,609,1010,609,1009,609,1008,609,1007,609,1006,609,1005,609,1004,609
307,637,306,638,305,638,304,638,303,638,302,638,301,639,300,639,299,640,299,641,298,642,298,643,298,644,298,645,297,646,297,647,298,648,298,649,298,650,299,651,300,652,301,653,302,653,303,654,304,654,305,654,306,655,307,655,308,655,309,655,310,654,311,654,312,654,313,653,314,652,314,651,315,650,316,649,316,648,316,647,316,646,316,645,316,644,316,643,315,642,315,641,314,640,313,639,312,639,311,638,310,638,309,638,308,637
192,682,191,683,190,683,189,684,188,685,187,686,186,687,185,688,184,689,184,690,184,691,184,692,184,693,183,694,183,695,183,696,183,697,182,698,182,699,183,700,183,701,184,702,185,702,186,703,187,703,188,703,189,704,190,704,191,704,192,704,193,704,194,704,195,704,196,703,197,703,198,702,199,701,200,700,201,699,201,698,201,697,202,696,202,695,202,694,202,693,201,692,201,691,201,690,201,689,201,688,200,687,200,686,199,685,199,684,198,683,197,682,196,682,195,682,194,682,193,682
79,697,78,698,77,698,76,698,75,698,74,698,73,698,72,699,71,700,70,701,69,702,68,703,68,704,67,705,67,706,68,707,67,708,67,709,68,710,68,711,68,712,69,713,70,714,71,715,72,715,73,716,74,716,75,716,76,716,77,716,78,716,79,716,80,715,81,715,82,714,83,713,84,712,84,711,85,710,85,709,86,708,86,707,86,706,86,705,86,704,86,703,86,702,85,701,84,700,83,699,82,698,81,698,80,697
991,737,990,738,989,739,988,739,987,740,986,740,986,741,986,742,985,743,985,744,984,745,984,746,984,747,985,748,985,749,986,750,987,751,988,752,989,753,990,753,991,753,992,753,993,753,994,752,995,752,996,751,997,751,998,750,999,749,1000,748,1001,747,1001,746,1001,745,1001,744,1001,743,1001,742,1000,741,1000,740,999,739,998,738,997,738,996,737,995,737,994,737,993,737,992,737
651,740,650,741,649,741,648,741,647,742,646,743,645,744,645,745,645,746,645,747,646,748,645,749,645,750,645,751,645,752,646,753,647,754,648,755,649,756,650,756,651,757,652,757,653,757,654,757,655,757,656,757,657,756,658,756,659,756,660,755,661,755,662,754,663,753,663,752,664,751,665,750,665,749,665,748,665,747,664,746,664,745,663,744,662,743,661,742,660,741,659,741,658,741,657,741,656,740,655,740,654,740,653,740,652,740
601,750,600,751,599,752,598,753,597,753,597,754,596,755,595,756,595,757,595,758,595,759,595,760,595,761,595,762,596,763,596,764,597,765,597,766,598,767,599,767,600,768,601,768,602,769,603,769,604,769,605,769,606,768,607,768,608,768,609,767,610,766,611,765,612,764,612,763,613,762,613,761,613,760,613,759,613,758,612,757,612,756,612,755,611,754,610,753,609,752,608,751,607,751,606,751,605,750,604,750,603,750,602,750
844,768,843,769,842,769,841,769,840,770,839,770,838,771,837,772,836,773,836,774,835,775,835,776,835,777,835,778,835,779,835,780,835,781,835,782,836,783,836,784,837,785,838,786,839,787,840,787,841,787,842,787,843,787,844,787,845,786,846,786,847,785,848,784,849,783,850,782,851,781,852,780,853,779,853,778,853,777,853,776,853,775,853,774,852,773,852,772,851,771,850,770,849,769,848,768,847,768,846,768,845,768
20,816,19,817,18,818,17,819,17,820,16,821,15,822,15,823,15,824,15,825,15,826,16,827,16,828,17,828,18,829,19,830,20,831,21,832,22,832,23,832,24,832,25,832,26,832,27,832,28,832,29,832,30,831,31,830,32,830,33,829,34,828,34,827,34,826,35,825,34,824,35,823,35,822,35,821,34,820,34,819,33,819,32,818,31,817,30,817,29,817,28,817,27,816,26,816,25,816,24,816,23,816,22,816,21,816
762,833,761,834,760,835,760,836,759,837,759,838,758,839,758,840,758,841,758,842,758,843,758,844,759,845,759,846,760,847,761,847,762,848,763,848,764,848,765,848,766,847,767,847,768,846,769,845,770,844,770,843,771,842,771,841,771,840,771,839,771,838,771,837,771,836,770,835,769,834,768,833,767,833,766,833,765,833,764,833,763,833
304,899,303,900,302,900,301,900,300,901,299,902,299,903,299,904,298,905,298,906,298,907,297,908,297,909,297,910,297,911,297,912,297,913,298,914,299,915,300,916,301,917,302,918,303,918,304,918,305,919,306,919,307,919,308,918,309,918,310,918,311,917,312,917,313,916,314,915,315,914,315,913,316,912,316,911,316,910,316,909,316,908,316,907,316,906,316,905,315,904,314,903,314,902,313,901,312,900,311,900,310,900,309,900,308,900,307,900,306,900,305,899
198,964,197,965,196,966,195,967,194,967,193,967,193,968,192,969,191,970,190,971,189,972,189,973,189,974,188,975,187,976,187,977,187,978,188,979,188,980,188,981,189,982,189,983,190,984,190,985,190,986,191,987,191,988,192,989,193,989,194,990,195,990,196,991,197,991,198,991,199,991,200,991,201,991,202,991,203,991,204,991,205,990,206,990,207,989,208,988,209,987,210,986,210,985,211,984,211,983,212,982,212,981,212,980,212,979,212,978,212,977,212,976,212,975,212,974,211,973,211,972,211,971,211,970,210,969,210,968,209,967,208,966,208,965,207,965,206,965,205,965,204,965,203,965,202,964,201,964,200,964,199,964
474,981,473,982,472,982,471,982,470,983,469,984,468,985,467,986,467,987,467,988,466,989,466,990,466,991,466,992,466,993,466,994,465,995,465,996,465,997,464,998,464,999,464,1000,465,1001,465,1002,465,1003,466,1003,467,1004,468,1005,469,1005,470,1006,471,1006,472,1007,473,1007,474,1007,475,1007,476,1006,477,1006,478,1005,479,1005,480,1004,481,1003,481,1002,482,1001,482,1000,483,999,483,998,483,997,484,996,485,995,485,994,485,993,486,992,486,991,486,990,486,989,486,988,485,987,485,986,485,985,484,985,483,984,482,983,481,983,480,982,479,982,478,981,477,981,476,981,475,981
494,990,493,991,492,991,491,992,490,993,489,994,489,995,488,996,488,997,488,998,489,999,489,1000,489,1001,490,1002,491,1003,491,1004,492,1005,493,1005,494,1006,495,1006,496,1006,497,1006,498,1006,499,1005,500,1005,501,1004,502,1003,502,1002,503,1001,503,1000,503,999,503,998,503,997,503,996,503,995,503,994,502,993,501,992,500,991,499,991,498,990,497,990,496,990,495,990
71,1008,70,1009,69,1009,68,1009,67,1010,66,1010,66,1011,65,1012,64,1013,64,1014,63,1015,63,1016,63,1017,63,1018,64,1019,64,1020,64,1021,65,1022,66,1022,67,1022,68,1023,69,1023,70,1023,71,1023,72,1023,73,1023,74,1023,75,1023,76,1022,77,1022,78,1021,79,1020,79,1019,80,1018,80,1017,80,1016,80,1015,80,1014,80,1013,80,1012,79,1011,78,1010,77,1009,76,1009,75,1008,74,1008,73,1008,72,1008
