918,0,917,1,916,2,915,3,915,4,915,5,915,6,915,7,916,8,916,9,917,10,918,11,919,11,920,11,921,12,922,11,923,11,924,10,925,10,925,9,926,8,926,7,926,6,926,5,926,4,926,3,925,2,925,1,924,1,923,0,922,0,921,0,920,0,919,0
723,8,722,9,721,9,720,9,719,10,718,11,718,12,717,13,717,14,717,15,717,16,717,17,717,18,717,19,718,20,718,21,719,22,720,23,721,23,722,24,723,24,724,24,725,24,726,24,727,23,728,22,728,21,729,20,729,19,729,18,730,17,730,16,729,15,729,14,729,13,729,12,728,11,727,10,726,9,725,9,724,9
773,16,772,17,771,17,770,18,769,19,768,19,767,20,766,21,766,22,765,23,765,24,765,25,764,26,764,27,765,28,765,29,765,30,766,31,766,32,767,33,768,34,769,34,770,35,771,35,772,35,773,35,774,35,775,35,776,35,777,35,778,35,779,35,780,35,781,34,782,34,783,33,784,33,784,32,785,31,786,30,786,29,786,28,786,27,786,26,786,25,786,24,786,23,786,22,786,21,785,20,785,19,784,18,783,17,782,17,781,16,780,16,779,16,778,16,777,16,776,16,775,16,774,16
334,17,333,18,332,18,331,18,330,19,329,20,328,21,328,22,327,23,327,24,328,25,327,26,327,27,327,28,328,29,329,30,330,31,331,31,332,31,333,32,334,32,335,31,336,31,337,31,338,30,339,29,340,28,341,27,341,26,341,25,342,24,342,23,342,22,341,21,341,20,340,19,339,18,338,18,337,18,336,17,335,17
392,18,391,19,390,19,389,20,388,20,387,21,387,22,386,23,385,24,385,25,385,26,385,27,385,28,385,29,385,30,386,31,387,32,388,33,389,33,390,33,391,34,392,34,393,34,394,33,395,33,396,33,397,32,398,32,399,31,400,30,401,29,401,28,402,27,402,26,402,25,402,24,402,23,402,22,401,21,401,20,400,20,399,19,398,19,397,18,396,18,395,18,394,18,393,18
439,19,438,20,437,20,436,21,436,22,436,23,435,24,435,25,435,26,435,27,436,28,436,29,437,30,437,31,438,32,439,32,440,32,441,32,442,32,443,32,444,31,445,31,445,30,446,29,446,28,447,27,447,26,447,25,447,24,446,23,445,22,445,21,444,21,443,20,442,20,441,19,440,19
515,23,514,24,513,24,512,25,512,26,512,27,511,28,511,29,511,30,511,31,512,32,512,33,513,34,514,35,515,36,516,37,517,37,518,38,519,38,520,38,521,38,522,38,523,37,524,37,525,36,526,35,526,34,527,33,527,32,527,31,527,30,526,29,526,28,525,27,524,26,523,25,522,24,521,23,520,23,519,23,518,23,517,23,516,23
59,39,58,40,57,41,56,42,56,43,56,44,55,45,55,46,56,47,56,48,56,49,57,50,57,51,58,52,59,52,60,53,61,53,62,53,63,53,64,53,65,53,66,52,67,51,68,50,68,49,69,48,69,47,68,46,69,45,69,44,68,43,68,42,67,41,66,40,65,39,64,39,63,39,62,39,61,39,60,39
415,43,414,44,413,44,412,44,411,45,410,46,409,47,409,48,408,49,408,50,408,51,409,52,409,53,410,54,410,55,411,56,412,57,413,57,414,58,415,58,416,58,417,58,418,58,419,57,420,57,421,56,422,55,423,55,423,54,424,53,424,52,424,51,424,50,424,49,424,48,424,47,423,46,422,45,421,44,420,44,419,44,418,43,417,43,416,43
589,51,588,52,587,52,586,53,585,54,584,55,584,56,583,57,583,58,583,59,583,60,583,61,583,62,584,63,584,64,585,65,586,66,587,67,588,67,589,67,590,67,591,67,592,67,593,67,594,66,595,66,596,65,597,64,597,63,598,62,598,61,598,60,599,59,598,58,598,57,598,56,597,55,597,54,596,53,595,52,594,52,593,52,592,51,591,51,590,51
501,67,500,68,499,68,499,69,498,70,498,71,498,72,497,73,497,74,497,75,497,76,497,77,497,78,497,79,497,80,497,81,498,82,498,83,499,84,500,85,501,85,502,85,503,86,504,86,505,85,506,85,507,85,508,84,508,83,509,82,509,81,510,80,510,79,510,78,510,77,510,76,509,75,509,74,509,73,509,72,508,71,508,70,507,69,506,68,505,67,504,67,503,67,502,67
357,69,356,70,355,70,354,71,353,72,353,73,352,74,352,75,352,76,352,77,352,78,353,79,353,80,354,81,355,82,356,83,357,84,358,84,359,84,360,84,361,84,362,84,363,84,364,83,365,83,366,82,367,81,367,80,368,79,368,78,368,77,368,76,368,75,368,74,368,73,367,72,366,71,365,70,364,69,363,69,362,69,361,69,360,69,359,69,358,69
104,71,103,72,102,72,101,73,101,74,100,75,100,76,100,77,99,78,99,79,100,80,100,81,100,82,101,83,101,84,102,85,103,86,104,87,105,87,106,88,107,88,108,88,109,87,110,87,111,87,112,86,113,85,113,84,114,83,114,82,114,81,114,80,114,79,114,78,114,77,114,76,113,75,113,74,112,73,111,72,110,72,109,71,108,71,107,71,106,71,105,71
224,84,223,85,222,85,221,86,221,87,220,88,220,89,220,90,219,91,219,92,219,93,220,94,220,95,220,96,221,97,222,98,223,99,224,99,225,100,226,100,227,100,228,100,229,100,230,99,231,98,232,97,233,96,234,95,234,94,234,93,234,92,234,91,234,90,234,89,234,88,233,87,232,86,231,85,230,84,229,84,228,84,227,84,226,84,225,84
704,84,703,85,702,85,701,86,700,86,699,87,699,88,698,89,698,90,698,91,698,92,698,93,698,94,698,95,699,96,699,97,700,98,701,99,702,99,703,100,704,100,705,100,706,100,707,99,708,99,709,98,710,98,710,97,711,96,712,95,712,94,712,93,712,92,712,91,712,90,712,89,712,88,711,87,710,86,709,85,708,85,707,85,706,84,705,84
436,91,435,92,434,92,433,93,432,94,431,95,431,96,430,97,430,98,430,99,430,100,430,101,430,102,431,103,431,104,432,104,433,105,434,105,435,106,436,106,437,106,438,106,439,106,440,105,441,105,442,105,443,104,444,104,445,103,446,102,446,101,446,100,446,99,447,98,446,97,446,96,446,95,445,94,444,93,443,92,442,91,441,91,440,91,439,91,438,91,437,91
838,97,837,98,836,98,835,99,834,100,834,101,834,102,834,103,834,104,834,105,834,106,835,107,835,108,836,109,837,109,838,110,839,110,840,110,841,110,842,109,843,109,843,108,844,107,845,106,845,105,845,104,845,103,845,102,844,101,844,100,843,99,842,98,841,98,840,98,839,97
538,99,537,100,536,100,536,101,535,102,535,103,534,104,534,105,534,106,534,107,534,108,534,109,534,110,535,111,535,112,536,113,537,113,538,114,539,114,540,115,541,115,542,115,543,115,544,114,545,114,546,113,547,112,548,111,548,110,548,109,549,108,548,107,548,106,548,105,548,104,547,103,547,102,546,101,545,100,544,100,543,99,542,99,541,99,540,99,539,99
632,100,631,101,630,101,630,102,629,103,629,104,629,105,629,106,629,107,629,108,629,109,630,110,630,111,631,112,632,113,633,113,634,113,635,114,636,113,637,113,638,113,639,112,640,111,640,110,641,109,641,108,641,107,641,106,641,105,641,104,640,103,639,102,638,101,637,101,636,100,635,100,634,100,633,100
450,101,449,102,448,102,447,102,446,103,445,104,444,105,444,106,444,107,444,108,444,109,444,110,444,111,445,112,445,113,446,114,447,115,448,115,449,116,450,116,451,116,452,116,453,116,454,116,455,115,456,115,457,114,458,113,458,112,459,111,459,110,459,109,459,108,459,107,459,106,459,105,458,104,458,103,457,103,456,102,455,102,454,102,453,101,452,101,451,101
304,109,303,110,302,110,301,111,300,112,299,113,299,114,298,115,298,116,298,117,298,118,298,119,298,120,299,121,299,122,300,123,301,124,302,125,303,125,304,126,305,126,306,126,307,126,308,126,309,125,310,125,311,124,312,123,313,122,314,121,314,120,314,119,314,118,315,117,314,116,314,115,314,114,313,113,313,112,312,111,311,111,310,110,309,110,308,109,307,109,306,109,305,109
780,134,779,135,778,135,777,136,776,136,776,137,775,138,775,139,775,140,775,141,775,142,775,143,775,144,776,145,776,146,777,147,778,148,779,149,780,150,781,150,782,151,783,151,784,151,785,151,786,151,787,151,788,150,789,150,790,149,791,148,792,147,792,146,792,145,792,144,792,143,792,142,792,141,791,140,790,139,790,138,789,137,788,137,787,136,786,135,785,135,784,135,783,134,782,134,781,134
980,139,979,140,978,140,977,141,976,142,976,143,975,144,975,145,974,146,974,147,974,148,974,149,975,150,975,151,975,152,976,153,977,154,978,155,979,155,980,155,981,155,982,155,983,155,984,155,985,154,986,154,987,153,988,153,989,152,989,151,990,150,990,149,991,148,991,147,991,146,991,145,991,144,990,143,990,142,989,141,988,140,987,140,986,139,985,139,984,139,983,139,982,139,981,139
371,149,370,150,369,150,368,151,367,152,367,153,367,154,366,155,366,156,367,157,367,158,367,159,368,160,369,161,370,162,371,163,372,164,373,164,374,164,375,165,376,165,377,165,378,164,379,164,380,163,381,162,382,161,382,160,382,159,383,158,382,157,382,156,382,155,382,154,381,153,381,152,380,151,379,150,378,149,377,149,376,149,375,149,374,149,373,149,372,149
908,150,907,151,906,151,905,152,904,153,903,154,902,155,902,156,902,157,902,158,902,159,903,160,904,160,905,161,906,161,907,161,908,162,909,162,910,161,911,161,912,161,913,160,914,159,915,159,915,158,916,157,915,156,916,155,917,155,917,154,916,153,916,152,915,151,914,150,913,150,912,150,911,150,910,150,909,150
111,159,110,160,109,160,108,161,107,162,107,163,107,164,107,165,107,166,107,167,108,168,108,169,108,170,109,171,109,172,110,173,111,173,112,174,113,174,114,174,115,174,116,174,117,173,118,172,119,171,120,170,120,169,120,168,120,167,120,166,120,165,119,164,119,163,118,162,117,161,116,160,115,160,114,159,113,159,112,159
662,159,661,160,660,160,659,161,658,161,657,162,657,163,656,164,656,165,655,166,655,167,655,168,655,169,655,170,656,171,656,172,657,173,658,174,659,174,660,175,661,175,662,175,663,175,664,175,665,174,666,174,667,173,668,172,668,171,669,170,669,169,670,168,670,167,670,166,670,165,670,164,670,163,669,162,668,161,667,160,666,160,665,159,664,159,663,159
945,161,944,162,943,162,942,162,941,163,940,163,939,164,939,165,938,166,938,167,938,168,937,169,938,170,938,171,938,172,939,173,940,174,941,175,942,175,943,176,944,176,945,177,946,177,947,177,948,177,949,176,950,176,951,175,952,174,953,173,954,172,954,171,954,170,954,169,954,168,953,167,953,166,952,165,951,164,950,163,949,162,948,162,947,162,946,162
780,166,779,167,778,168,777,169,777,170,777,171,777,172,777,173,777,174,777,175,777,176,778,177,779,178,780,178,781,179,782,179,783,179,784,179,785,179,786,178,787,178,787,177,788,176,788,175,789,174,789,173,789,172,788,171,788,170,787,169,787,168,786,168,785,167,784,167,783,166,782,166,781,166
519,167,518,168,517,168,516,169,515,169,515,170,514,171,514,172,513,173,513,174,513,175,513,176,513,177,514,178,514,179,515,180,515,181,516,182,517,183,518,183,519,183,520,184,521,183,522,183,523,183,524,183,525,182,526,182,527,181,528,180,528,179,529,178,529,177,528,177,527,176,528,175,529,175,529,174,529,173,528,172,528,171,527,170,526,169,525,168,524,168,523,168,522,167,521,167,520,167
409,186,408,187,407,188,406,189,406,190,406,191,406,192,406,193,406,194,406,195,407,196,407,197,408,198,409,199,410,200,411,201,412,201,413,201,414,201,415,201,416,201,417,200,418,200,418,199,419,198,420,197,420,196,421,195,421,194,421,193,421,192,420,191,420,190,419,189,418,188,417,187,416,186,415,186,414,186,413,186,412,186,411,186,410,186
11,201,10,202,9,202,8,202,7,203,6,204,5,205,4,206,4,207,4,208,4,209,4,210,4,211,5,212,5,213,6,214,7,214,8,215,9,215,10,215,11,216,12,216,13,215,14,215,15,215,16,215,17,214,18,213,19,212,20,211,20,210,20,209,20,208,20,207,20,206,20,205,19,204,18,203,17,202,16,202,15,202,14,201,13,201,12,201
513,207,512,208,511,209,510,210,509,211,509,212,509,213,509,214,509,215,509,216,509,217,510,218,510,219,511,220,512,221,513,221,514,222,515,222,516,222,517,222,518,222,519,222,520,221,521,221,522,220,523,219,523,218,524,217,524,216,524,215,524,214,524,213,524,212,523,211,523,210,522,209,521,208,520,208,519,207,518,207,517,207,516,207,515,207,514,207
889,207,888,208,887,208,886,209,885,210,885,211,884,212,884,213,884,214,884,215,884,216,884,217,884,218,885,219,885,220,886,221,887,222,888,223,889,224,890,224,891,224,892,224,893,224,894,223,895,223,896,222,897,221,897,220,897,219,897,218,898,217,898,216,897,215,897,214,897,213,897,212,896,211,896,210,895,209,894,208,893,208,892,208,891,207,890,207
675,209,674,210,673,210,673,211,672,212,672,213,672,214,672,215,672,216,672,217,672,218,673,219,674,220,675,221,676,222,677,222,678,222,679,222,680,222,681,222,682,221,683,221,684,220,685,219,685,218,685,217,685,216,685,215,685,214,684,213,683,212,682,211,681,210,680,210,679,209,678,209,677,209,676,209
978,211,977,212,976,212,975,212,974,213,974,214,973,215,973,216,973,217,973,218,973,219,973,220,974,221,975,222,976,223,977,223,978,224,979,224,980,224,981,224,982,224,983,223,984,223,985,222,986,221,986,220,987,219,987,218,987,217,987,216,987,215,986,214,986,213,985,212,984,211,983,211,982,211,981,211,980,211,979,211
743,224,742,225,741,226,740,227,740,228,739,229,739,230,739,231,739,232,739,233,739,234,740,235,740,236,741,237,742,238,743,239,744,239,745,240,746,240,747,240,748,240,749,240,750,239,751,239,752,238,752,237,753,236,753,235,754,234,754,233,754,232,754,231,753,230,753,229,753,228,752,227,751,226,750,225,749,224,748,224,747,224,746,224,745,224,744,224
297,233,296,234,295,234,294,235,293,236,293,237,292,238,292,239,291,240,291,241,291,242,291,243,291,244,292,245,292,246,293,247,294,248,295,248,296,249,297,249,298,249,299,249,300,248,301,248,302,248,303,247,304,246,305,245,305,244,306,243,306,242,306,241,306,240,306,239,306,238,306,237,305,236,305,235,304,234,303,234,302,233,301,233,300,233,299,233,298,233
840,233,839,234,838,234,837,235,836,236,836,237,835,238,835,239,835,240,835,241,835,242,835,243,835,244,836,245,837,246,838,246,839,247,840,247,841,247,842,247,843,246,844,246,845,246,846,245,847,244,848,243,848,242,849,241,849,240,849,239,849,238,848,237,848,236,847,235,846,234,845,234,844,233,843,233,842,233,841,233
257,235,256,236,255,236,254,237,253,238,253,239,253,240,252,241,252,242,252,243,253,244,253,245,253,246,254,247,255,248,256,249,257,250,258,250,259,250,260,250,261,250,262,250,263,250,264,249,265,249,266,248,267,247,267,246,267,245,268,244,268,243,268,242,268,241,267,240,267,239,266,238,266,237,265,236,264,236,263,235,262,235,261,235,260,235,259,235,258,235
456,236,455,237,454,237,453,238,452,238,451,239,451,240,450,241,450,242,450,243,450,244,450,245,450,246,450,247,451,248,451,249,452,250,453,251,454,251,455,252,456,252,457,252,458,252,459,252,460,252,461,252,462,251,463,251,464,250,464,249,465,248,465,247,466,246,466,245,466,244,466,243,465,242,465,241,465,240,464,239,463,238,462,237,461,237,460,236,459,236,458,236,457,236
138,238,137,239,136,239,135,240,134,241,134,242,133,243,133,244,133,245,133,246,133,247,133,248,133,249,134,250,134,251,135,252,136,253,137,254,138,254,139,255,140,255,141,255,142,255,143,255,144,255,145,254,146,254,147,253,148,252,149,251,149,250,149,249,150,248,150,247,150,246,150,245,149,244,149,243,149,242,148,241,147,240,146,239,145,239,144,238,143,238,142,238,141,238,140,238,139,238
900,239,899,240,898,240,897,240,896,241,895,241,894,242,893,243,892,244,891,245,891,246,890,247,890,248,890,249,890,250,890,251,890,252,890,253,890,254,890,255,890,256,890,257,891,258,891,259,892,260,892,261,893,262,893,263,894,264,895,265,896,266,897,267,898,267,899,268,900,268,901,269,902,269,903,269,904,269,905,269,906,269,907,269,908,268,908,267,908,266,908,265,909,264,909,263,909,262,910,261,911,260,911,259,912,258,913,257,914,256,915,255,916,255,917,254,918,253,919,252,920,251,921,250,920,249,919,248,919,247,918,246,918,245,917,244,916,243,915,242,914,242,913,241,912,240,911,240,910,240,909,239,908,239,907,239,906,239,905,239,904,239,903,239,902,239,901,239
921,251,920,252,919,253,918,254,917,255,916,256,915,256,914,257,913,258,912,259,912,260,911,261,910,262,910,263,910,264,909,265,909,266,909,267,909,268,908,269,909,269,910,270,911,270,912,271,913,272,914,273,915,273,916,274,917,275,918,276,919,276,920,277,921,277,922,278,923,278,924,278,925,278,926,278,927,278,928,278,929,278,930,277,931,277,932,276,933,275,934,274,935,273,935,272,936,271,936,270,936,269,936,268,936,267,936,266,936,265,936,264,936,263,935,262,935,261,934,260,934,259,933,258,932,257,931,256,930,255,929,255,928,254,927,254,926,253,925,253,924,252,923,252,922,251
868,264,867,265,866,265,865,266,864,266,863,267,863,268,862,269,862,270,861,271,861,272,861,273,861,274,862,275,862,276,863,277,864,278,865,278,866,278,867,278,868,278,869,278,870,277,871,277,872,276,873,275,873,274,874,273,874,272,874,271,874,270,874,269,874,268,873,267,873,266,872,265,871,265,870,265,869,264
449,272,448,273,447,273,446,274,445,275,444,276,444,277,444,278,443,279,443,280,444,281,444,282,445,283,445,284,446,285,447,285,448,286,449,286,450,286,451,286,452,286,453,286,454,286,455,285,456,284,457,284,458,283,459,282,459,281,460,280,460,279,460,278,460,277,460,276,459,275,458,274,457,273,456,273,455,272,454,272,453,272,452,272,451,272,450,272
523,274,522,275,521,275,520,276,519,276,519,277,518,278,518,279,518,280,518,281,518,282,518,283,519,284,520,285,521,286,522,286,523,286,524,286,525,286,526,286,527,286,528,285,529,285,530,284,531,283,532,282,532,281,532,280,532,279,532,278,532,277,531,276,530,275,529,275,528,274,527,274,526,274,525,274,524,274
616,285,615,286,614,286,613,286,612,286,611,287,610,287,609,288,608,288,607,289,606,290,605,291,605,292,605,293,604,294,604,295,604,296,605,297,605,298,606,299,607,300,608,301,609,301,610,302,611,302,612,302,613,302,614,302,615,302,616,302,617,301,618,301,619,301,620,300,621,300,622,300,623,299,624,298,625,297,625,296,626,295,626,294,626,293,626,292,626,291,625,290,625,289,624,288,623,287,622,287,621,286,620,286,619,286,618,286,617,285
142,290,141,291,140,291,139,291,138,291,137,292,136,293,136,294,136,295,135,296,135,297,135,298,136,299,136,300,137,301,137,302,138,303,139,304,140,304,141,305,142,305,143,305,144,306,145,306,146,306,147,306,148,305,149,305,150,305,151,304,152,303,153,302,153,301,154,300,154,299,154,298,154,297,153,296,152,295,152,294,151,293,150,293,149,292,148,292,147,291,146,291,145,291,144,291,143,291
209,295,208,296,207,296,206,297,205,298,204,299,204,300,203,301,203,302,202,303,202,304,202,305,202,306,202,307,202,308,202,309,203,310,204,311,205,311,206,311,207,311,208,312,209,312,210,312,211,312,212,312,213,311,214,311,215,311,216,311,217,310,218,309,219,308,220,307,220,306,221,305,221,304,221,303,221,302,221,301,220,300,220,299,219,298,218,297,217,296,216,296,215,295,214,295,213,295,212,295,211,295,210,295
69,298,68,299,67,299,66,300,66,301,65,302,65,303,64,304,64,305,64,306,64,307,64,308,64,309,65,310,66,311,67,312,68,313,69,313,70,313,71,313,72,313,73,313,74,313,75,313,76,312,77,311,78,310,79,309,79,308,79,307,80,306,80,305,80,304,80,303,80,302,79,301,79,300,78,299,77,299,76,298,75,298,74,298,73,298,72,298,71,298,70,298
703,301,702,302,701,303,700,304,700,305,700,306,700,307,700,308,700,309,700,310,701,311,701,312,702,313,702,314,703,315,704,315,705,316,706,316,707,316,708,316,709,316,710,316,711,316,712,315,713,314,713,313,713,312,713,311,713,310,713,309,713,308,713,307,713,306,712,305,712,304,711,303,710,302,709,302,708,301,707,301,706,301,705,301,704,301
251,320,250,321,249,321,248,321,247,322,246,323,246,324,245,325,245,326,244,327,244,328,244,329,245,330,245,331,245,332,246,333,247,334,248,335,249,335,250,335,251,336,252,336,253,336,254,336,255,336,256,335,257,335,258,334,259,333,260,332,260,331,260,330,261,329,261,328,261,327,260,326,260,325,260,324,259,323,259,322,258,321,257,321,256,320,255,320,254,320,253,320,252,320
848,327,847,328,846,328,845,329,845,330,844,331,844,332,844,333,844,334,844,335,844,336,844,337,845,338,845,339,846,340,847,341,848,342,849,343,850,343,851,344,852,344,853,344,854,344,855,343,856,343,857,342,857,341,858,340,858,339,858,338,858,337,858,336,858,335,857,334,857,333,857,332,856,331,856,330,855,329,854,328,853,328,852,327,851,327,850,327,849,327
232,331,231,332,230,332,229,333,228,334,228,335,227,336,227,337,228,338,227,339,227,340,228,341,228,342,229,343,230,344,231,344,232,345,233,345,234,345,235,345,236,345,237,345,238,345,239,345,240,344,241,343,241,342,242,341,242,340,242,339,242,338,242,337,241,336,241,335,240,334,239,333,238,332,237,332,236,332,235,331,234,331,233,331
298,334,297,335,296,335,295,336,294,337,293,338,293,339,293,340,293,341,294,342,294,343,295,343,296,344,297,345,298,345,299,345,300,345,301,345,302,345,303,345,304,345,305,345,306,344,307,343,308,342,309,341,309,340,309,339,308,338,308,337,307,336,306,336,305,335,304,335,303,334,302,334,301,334,300,334,299,334
768,339,767,340,766,341,765,342,764,343,763,344,763,345,763,346,763,347,763,348,763,349,763,350,764,351,764,352,765,353,766,353,767,354,768,354,769,355,770,355,771,355,772,355,773,354,774,354,775,353,776,352,777,351,777,350,778,349,778,348,778,347,778,346,778,345,777,344,777,343,777,342,776,341,775,340,774,340,773,339,772,339,771,339,770,339,769,339
644,357,643,358,642,358,641,358,640,359,639,360,638,361,638,362,638,363,637,364,637,365,637,366,637,367,637,368,638,369,638,370,639,371,640,372,641,373,642,373,643,374,644,374,645,374,646,374,647,374,648,374,649,374,650,373,651,372,652,371,652,370,653,369,653,368,653,367,653,366,653,365,653,364,652,363,652,362,651,361,650,360,649,359,648,358,647,358,646,358,645,357
905,383,904,384,903,384,902,385,901,386,900,387,899,388,899,389,898,390,898,391,898,392,898,393,897,394,897,395,897,396,897,397,898,398,898,399,898,400,899,401,900,402,900,403,901,404,902,405,903,406,904,407,905,407,906,407,907,408,908,408,909,408,910,408,911,408,912,407,913,407,914,407,915,406,916,406,917,405,918,405,919,404,920,403,920,402,921,401,921,400,921,399,921,398,921,397,921,396,921,395,921,394,920,393,920,392,919,391,919,390,918,389,917,388,916,388,915,387,914,386,913,386,912,385,911,385,910,384,909,384,908,384,907,383,906,383
785,394,784,395,783,395,782,395,781,396,780,397,779,398,778,399,779,400,779,401,780,402,780,403,781,404,781,405,782,406,782,407,782,408,783,408,784,408,785,408,786,409,787,409,788,409,789,409,790,409,791,409,792,409,793,408,794,407,795,406,795,405,795,404,795,403,795,402,795,401,795,400,794,399,793,398,793,397,792,396,791,396,790,395,789,395,788,394,787,394,786,394
771,399,770,400,769,401,768,401,768,402,767,403,767,404,766,405,766,406,766,407,766,408,767,409,767,410,768,411,769,412,770,412,771,413,772,413,773,413,774,413,775,413,776,413,777,413,778,412,779,412,780,411,780,410,781,409,781,408,781,407,781,406,780,405,780,404,779,403,779,402,778,401,778,400,777,399,776,399,775,399,774,399,773,399,772,399
654,407,653,408,652,409,652,410,651,411,651,412,651,413,651,414,651,415,652,416,653,417,654,418,654,419,655,420,656,420,657,421,658,421,659,421,660,421,661,420,662,420,663,420,664,419,665,418,665,417,665,416,666,415,666,414,665,413,665,412,665,411,664,410,663,409,662,408,661,407,660,407,659,407,658,407,657,407,656,407,655,407
414,418,413,419,412,419,411,420,411,421,410,422,410,423,410,424,410,425,410,426,410,427,411,428,411,429,412,430,413,430,414,431,415,431,416,431,417,431,418,431,419,431,420,430,421,429,422,428,422,427,423,426,423,425,423,424,423,423,422,422,422,421,421,420,420,419,419,419,418,418,417,418,416,418,415,418
9,433,8,434,7,435,6,436,5,437,5,438,4,439,4,440,4,441,4,442,5,443,5,444,6,445,7,446,8,446,9,447,10,447,11,447,12,447,13,447,14,447,15,446,16,445,17,445,17,444,18,443,19,442,19,441,19,440,19,439,19,438,18,437,18,436,17,435,16,434,15,434,14,433,13,433,12,433,11,433,10,433
91,440,90,441,89,441,88,442,88,443,87,444,87,445,87,446,87,447,88,448,89,449,90,450,91,451,92,451,93,452,94,452,95,452,96,452,97,452,98,451,99,451,100,450,100,449,101,448,101,447,101,446,101,445,100,444,100,443,99,442,98,441,97,441,96,440,95,440,94,440,93,440,92,440
426,443,425,444,424,445,423,446,422,447,421,448,421,449,420,450,420,451,420,452,420,453,420,454,420,455,420,456,421,457,421,458,422,459,423,459,424,459,425,460,426,460,427,459,428,459,429,458,430,458,430,457,431,456,432,455,432,454,432,453,433,452,433,451,433,450,433,449,433,448,433,447,432,446,432,445,431,444,430,443,429,443,428,443,427,443
514,444,513,445,512,445,511,445,510,445,509,446,508,446,507,447,506,448,505,449,504,450,503,451,503,452,503,453,503,454,504,455,505,456,506,456,507,456,508,456,509,456,510,456,511,455,512,455,513,455,514,454,515,453,516,453,517,452,517,451,518,450,519,449,519,448,519,447,519,446,518,445,517,445,516,445,515,444
604,447,603,448,602,448,601,449,600,449,599,450,598,451,597,452,597,453,597,454,596,455,596,456,597,457,597,458,598,459,599,460,600,461,601,462,602,462,603,463,604,464,605,465,606,466,607,466,608,467,609,467,610,467,611,467,612,467,613,467,614,467,615,467,616,466,617,466,618,465,619,464,620,463,620,462,620,461,620,460,621,459,621,458,620,457,620,456,620,455,620,454,619,453,618,452,617,451,616,450,615,450,614,449,613,449,612,448,611,448,610,448,609,447,608,447,607,447,606,447,605,447
977,453,976,454,975,454,974,454,973,455,972,456,972,457,971,458,970,459,969,460,970,461,970,462,970,463,970,464,970,465,971,466,972,467,973,468,974,469,974,470,975,471,975,472,976,473,976,474,977,475,977,476,978,475,979,476,980,476,981,476,982,476,983,475,984,475,985,474,986,473,987,472,987,471,988,470,989,469,989,468,990,467,990,466,990,465,990,464,990,463,990,462,990,461,990,460,989,459,988,458,988,457,987,456,986,455,985,454,984,454,983,453,982,453,981,453,980,453,979,453,978,453
224,461,223,462,222,462,221,462,220,463,219,463,218,464,217,465,217,466,216,467,216,468,216,469,215,470,216,471,216,472,216,473,217,474,218,475,219,476,220,477,221,477,222,477,223,478,224,478,225,478,226,478,227,478,228,478,229,478,230,477,231,477,232,476,233,476,233,475,234,474,235,474,235,473,235,472,235,471,236,470,235,469,235,468,234,467,233,466,232,465,231,464,230,463,229,463,228,462,227,462,226,462,225,461
624,465,623,466,622,466,621,467,620,468,620,469,620,470,619,471,620,472,619,473,620,474,620,475,621,476,622,477,623,478,624,479,625,479,626,479,627,479,628,479,629,479,630,478,631,478,632,477,633,477,633,476,634,475,634,474,634,473,634,472,634,471,634,470,633,469,632,468,632,467,631,467,630,466,629,465,628,465,627,465,626,465,625,465
969,466,968,467,967,467,966,467,965,468,964,468,963,468,963,469,962,470,962,471,962,472,962,473,962,474,962,475,963,476,964,477,965,478,966,479,967,479,968,479,969,479,970,479,971,479,972,479,973,479,974,478,975,477,976,476,976,475,975,474,975,473,974,472,974,471,973,470,973,469,972,468,971,467,970,466
884,487,883,488,882,488,881,489,880,490,879,491,879,492,879,493,878,494,878,495,878,496,878,497,878,498,879,499,879,500,880,501,881,502,882,503,883,503,884,504,885,504,886,504,887,503,888,503,889,503,890,502,891,501,892,500,892,499,893,498,893,497,894,496,894,495,894,494,894,493,894,492,893,491,893,490,892,489,891,488,890,487,889,487,888,487,887,487,886,487,885,487
221,497,220,498,219,498,218,498,217,499,216,499,216,500,215,501,215,502,215,503,215,504,215,505,215,506,216,507,216,508,217,509,218,510,219,510,220,511,221,511,222,511,223,511,224,511,225,511,226,511,227,511,228,510,229,509,230,508,230,507,230,506,230,505,230,504,230,503,229,502,229,501,228,500,227,500,226,499,225,498,224,498,223,498,222,497
331,499,330,500,329,500,328,501,327,502,327,503,326,504,326,505,326,506,326,507,327,508,327,509,328,510,328,511,329,512,330,512,331,513,332,513,333,514,334,514,335,514,336,514,337,513,338,513,339,512,340,511,341,510,341,509,341,508,341,507,341,506,341,505,341,504,340,503,339,502,339,501,338,500,337,500,336,499,335,499,334,499,333,499,332,499
423,517,422,518,421,518,420,519,419,519,418,520,418,521,417,522,417,523,416,524,417,524,418,525,417,526,417,527,417,528,418,529,418,530,419,531,420,532,421,532,422,533,423,533,424,533,425,533,426,534,427,533,428,533,429,533,430,533,431,532,432,531,433,530,434,529,434,528,434,527,434,526,434,525,434,524,434,523,433,522,433,521,432,520,431,519,430,518,429,518,428,518,427,517,426,517,425,517,424,517
512,542,511,543,510,543,509,544,508,545,507,546,507,547,506,548,506,549,506,550,507,551,507,552,508,553,509,554,510,554,511,554,512,554,513,554,514,554,515,553,516,552,517,552,518,551,518,550,519,549,519,548,519,547,519,546,518,545,518,544,517,543,516,543,515,542,514,542,513,542
111,543,110,544,109,544,108,545,107,546,106,547,105,548,105,549,105,550,105,551,105,552,105,553,105,554,106,555,107,556,108,556,109,557,110,557,111,557,112,558,113,558,114,558,115,558,116,557,117,557,118,557,119,556,120,555,121,554,122,553,122,552,122,551,122,550,122,549,122,548,121,547,120,546,119,545,118,544,117,544,116,543,115,543,114,543,113,543,112,543
822,546,821,547,820,548,819,549,819,550,819,551,819,552,819,553,819,554,819,555,820,556,820,557,821,558,822,559,823,560,824,560,825,560,826,560,827,560,828,560,829,560,830,559,831,559,831,558,832,557,833,556,833,555,833,554,833,553,832,552,832,551,831,550,831,549,830,548,829,548,828,547,827,547,826,546,825,546,824,546,823,546
1019,554,1018,555,1017,556,1016,557,1015,558,1015,559,1014,560,1014,561,1014,562,1014,563,1014,564,1014,565,1015,566,1015,567,1016,568,1016,569,1017,570,1018,571,1019,572,1020,573,1021,573,1022,573,1023,573,1023,572,1023,571,1023,570,1023,569,1023,568,1023,567,1023,566,1023,565,1023,564,1023,563,1023,562,1023,561,1023,560,1023,559,1023,558,1023,557,1023,556,1023,555,1023,554,1022,554,1021,554,1020,554
199,561,198,562,197,563,196,564,195,565,195,566,195,567,195,568,195,569,195,570,195,571,196,572,196,573,197,574,198,575,199,576,200,577,201,577,202,578,203,578,204,578,205,578,206,578,207,578,208,578,209,578,210,577,211,576,212,575,213,574,213,573,213,572,214,571,214,570,213,569,213,568,213,567,213,566,212,565,211,564,210,563,209,562,208,562,207,561,206,561,205,561,204,561,203,561,202,561,201,561,200,561
267,561,266,562,265,562,264,563,263,564,263,565,263,566,263,567,263,568,263,569,264,570,265,571,266,572,267,572,268,573,269,573,270,573,271,573,272,573,273,573,274,572,275,572,276,571,277,570,277,569,277,568,277,567,277,566,276,565,276,564,275,563,274,562,273,562,272,561,271,561,270,561,269,561,268,561
325,563,324,564,323,564,322,564,321,565,320,566,320,567,319,568,319,569,319,570,319,571,320,572,320,573,321,574,321,575,322,575,323,576,324,577,325,577,326,577,327,577,328,577,329,577,330,577,331,576,332,576,333,575,334,574,335,573,335,572,335,571,335,570,335,569,335,568,334,567,334,566,333,565,332,565,331,564,330,564,329,563,328,563,327,563,326,563
1,567,0,568,0,569,0,570,0,571,0,572,0,573,0,574,0,575,0,576,0,577,0,578,1,579,1,580,2,580,3,580,4,579,5,579,6,578,7,577,7,576,8,575,8,574,8,573,8,572,8,571,7,570,7,569,6,568,5,568,4,567,3,567,2,567
239,595,238,596,237,596,236,597,235,597,234,598,233,599,233,600,232,601,231,602,231,603,231,604,231,605,231,606,231,607,231,608,232,609,233,610,233,611,234,611,235,611,236,611,237,611,238,612,239,612,240,612,241,613,242,614,243,614,244,615,245,614,246,614,247,613,248,612,249,611,249,610,250,609,250,608,250,607,251,606,251,605,251,604,251,603,251,602,250,601,250,600,249,599,249,598,248,597,247,597,246,596,245,596,244,595,243,595,242,595,241,595,240,595
1007,609,1006,610,1005,610,1004,611,1003,612,1002,613,1002,614,1002,615,1001,616,1001,617,1002,618,1002,619,1003,620,1004,621,1005,622,1006,622,1007,622,1008,623,1009,623,1010,622,1011,622,1012,622,1013,621,1014,620,1014,619,1015,618,1015,617,1015,616,1015,615,1015,614,1014,613,1014,612,1013,611,1012,610,1011,610,1010,609,1009,609,1008,609
233,612,233,613,232,614,232,615,231,616,230,617,230,618,229,619,229,620,228,621,228,622,228,623,228,624,228,625,228,626,228,627,227,628,227,629,227,630,227,631,227,632,226,633,226,634,227,635,227,636,227,637,227,638,228,639,229,640,230,641,231,642,232,642,233,643,234,643,235,643,236,644,237,643,238,643,239,643,240,642,241,641,242,640,243,639,243,638,244,637,244,636,244,635,244,634,245,633,245,632,244,631,244,630,244,629,244,628,243,627,243,626,242,625,242,624,242,623,242,622,243,621,243,620,243,619,243,618,243,617,243,616,243,615,242,615,241,614,240,613,239,613,238,613,237,612,236,612,235,612,234,612
1,619,1,620,1,621,1,622,1,623,1,624,1,625,1,626,1,627,1,628,1,629,2,629,3,629,4,629,5,628,6,628,6,627,7,626,7,625,7,624,7,623,7,622,6,621,5,620,4,619,3,619,2,619
388,627,387,628,386,628,385,629,385,630,384,631,384,632,384,633,384,634,384,635,385,636,385,637,386,638,387,639,388,640,389,640,390,641,391,641,392,641,393,641,394,641,395,641,396,641,397,640,398,640,399,639,400,638,400,637,400,636,400,635,400,634,400,633,400,632,399,631,399,630,398,629,397,629,396,628,395,628,394,627,393,627,392,627,391,627,390,627,389,627
979,635,978,636,977,637,976,638,975,639,975,640,974,641,974,642,974,643,974,644,975,645,975,646,975,647,976,648,977,648,978,649,979,649,980,649,981,649,982,649,983,648,984,647,985,646,986,645,986,644,987,643,987,642,987,641,987,640,987,639,987,638,986,637,985,636,984,635,983,635,982,635,981,635,980,635
57,636,56,637,55,637,54,638,54,639,53,640,53,641,52,642,52,643,52,644,53,645,53,646,53,647,54,648,55,649,56,649,57,650,58,650,59,651,60,651,61,651,62,651,63,651,64,651,65,651,66,650,67,649,68,648,68,647,69,646,69,645,69,644,68,643,68,642,68,641,67,640,66,639,65,638,64,637,63,637,62,636,61,636,60,636,59,636,58,636
851,645,850,646,849,647,848,648,848,649,847,650,847,651,847,652,847,653,847,654,847,655,848,656,848,657,849,658,850,659,851,659,852,660,853,660,854,660,855,660,856,660,857,660,858,659,859,659,860,658,861,657,862,656,862,655,862,654,862,653,862,652,862,651,862,650,862,649,861,648,860,647,859,646,858,645,857,645,856,645,855,645,854,645,853,645,852,645
183,652,182,653,181,653,180,654,179,655,178,655,177,656,177,657,176,658,176,659,176,660,175,661,176,662,176,663,177,664,178,665,179,665,180,666,181,666,182,666,183,665,184,665,185,665,186,664,187,664,188,663,189,662,189,661,190,660,190,659,190,658,190,657,190,656,190,655,189,654,188,653,187,652,186,652,185,652,184,652
521,673,520,674,519,674,518,675,517,676,516,677,515,678,515,679,515,680,515,681,515,682,515,683,516,684,517,685,518,686,519,687,520,687,521,687,522,688,523,688,524,688,525,688,526,687,527,687,528,686,529,686,530,685,530,684,531,683,531,682,531,681,531,680,531,679,531,678,530,677,530,676,529,675,528,675,527,674,526,674,525,673,524,673,523,673,522,673
162,678,161,679,160,679,159,679,158,680,157,681,157,682,156,683,156,684,156,685,156,686,156,687,157,688,157,689,158,690,159,691,160,692,161,692,162,693,163,693,164,693,165,693,166,693,167,693,168,693,169,693,170,692,171,691,172,690,172,689,173,688,173,687,173,686,172,685,172,684,172,683,171,682,170,681,169,680,168,680,167,679,166,679,165,678,164,678,163,678
104,680,103,681,102,681,101,682,100,683,99,684,99,685,98,686,98,687,98,688,98,689,98,690,98,691,99,692,100,693,101,694,102,695,103,695,104,696,105,696,106,696,107,696,108,696,109,696,110,696,111,695,112,694,113,693,114,692,114,691,115,690,115,689,115,688,115,687,115,686,114,685,114,684,113,683,112,682,111,681,110,681,109,681,108,680,107,680,106,680,105,680
442,684,441,685,440,685,439,686,438,686,438,687,437,688,437,689,437,690,437,691,438,692,438,693,439,694,440,695,441,696,442,696,443,696,444,696,445,696,446,696,447,696,448,696,449,695,450,694,450,693,451,692,451,691,451,690,451,689,451,688,450,687,449,686,448,685,447,685,446,684,445,684,444,684,443,684
1004,692,1003,693,1002,694,1001,695,1001,696,1001,697,1001,698,1002,699,1003,700,1003,701,1004,702,1005,702,1006,703,1007,703,1008,704,1009,704,1010,704,1011,704,1012,704,1013,704,1014,703,1015,703,1016,702,1017,702,1018,701,1018,700,1019,699,1019,698,1019,697,1019,696,1019,695,1018,694,1017,693,1016,693,1015,692,1014,692,1013,692,1012,692,1011,692,1010,692,1009,692,1008,692,1007,692,1006,692,1005,692
883,705,882,706,881,706,880,707,879,707,879,708,878,709,878,710,877,711,877,712,877,713,877,714,877,715,878,716,878,717,878,718,879,719,879,720,880,721,881,721,882,722,883,722,884,722,885,722,886,722,887,722,888,722,889,721,890,720,891,719,891,718,892,717,892,716,892,715,891,714,892,713,892,712,892,711,891,710,891,709,890,708,889,707,888,707,887,706,886,706,885,706,884,705
675,718,674,719,673,719,672,720,671,721,671,722,670,723,670,724,670,725,670,726,670,727,671,728,671,729,672,730,673,731,674,732,675,732,676,733,677,733,678,734,679,734,680,734,681,734,682,734,683,733,684,733,685,732,686,731,686,730,687,729,687,728,687,727,687,726,687,725,687,724,686,723,686,722,685,721,684,720,683,719,682,719,681,718,680,718,679,718,678,718,677,718,676,718
974,719,973,720,972,720,971,720,970,721,969,722,969,723,968,724,968,725,967,726,967,727,968,728,968,729,969,730,970,731,971,731,972,732,973,732,974,732,975,732,976,731,977,731,978,731,979,730,980,729,981,729,981,728,982,727,982,726,982,725,982,724,981,723,981,722,980,721,979,720,978,720,977,719,976,719,975,719
72,722,71,723,70,724,69,725,69,726,69,727,68,728,68,729,68,730,69,731,69,732,69,733,70,734,70,735,71,736,72,737,73,737,74,738,75,738,76,739,77,739,78,738,79,738,80,738,81,737,82,736,82,735,83,734,83,733,83,732,83,731,83,730,83,729,83,728,83,727,82,726,82,725,81,724,80,723,79,723,78,722,77,722,76,722,75,722,74,722,73,722
304,731,303,732,302,733,301,734,301,735,300,736,300,737,300,738,300,739,300,740,300,741,300,742,301,743,301,744,302,745,303,746,304,746,305,747,306,747,307,747,308,747,309,747,310,747,311,746,312,745,313,744,314,743,314,742,315,741,315,740,315,739,315,738,315,737,315,736,314,735,314,734,313,733,312,732,311,732,310,731,309,731,308,731,307,731,306,731,305,731
530,742,529,743,528,743,527,744,526,744,525,745,525,746,524,747,524,748,523,749,523,750,523,751,523,752,524,753,524,754,525,755,525,756,526,757,527,757,528,758,529,758,530,758,531,758,532,758,533,758,534,757,535,757,536,756,537,756,538,755,538,754,539,753,540,752,540,751,540,750,540,749,540,748,540,747,539,746,539,745,538,744,537,743,536,743,535,742,534,742,533,742,532,742,531,742
37,760,36,761,35,761,34,761,33,762,32,763,31,764,31,765,30,766,30,767,30,768,30,769,30,770,30,771,31,772,31,773,32,774,32,775,33,776,34,777,35,777,36,778,37,778,38,779,39,779,40,779,41,778,42,778,43,777,44,777,44,776,45,775,46,774,46,773,46,772,46,771,46,770,46,769,46,768,46,767,45,766,45,765,44,764,43,763,42,762,41,761,40,761,39,761,38,760
107,761,106,762,105,762,104,763,103,764,102,765,102,766,101,767,101,768,101,769,101,770,101,771,102,772,102,773,102,774,103,775,104,776,105,777,106,777,107,778,108,778,109,778,110,778,111,778,112,777,113,777,114,776,114,775,115,774,115,773,116,772,116,771,116,770,116,769,116,768,116,767,115,766,115,765,114,764,114,763,113,763,112,762,111,762,110,761,109,761,108,761
463,764,462,765,461,765,460,765,459,766,458,767,457,768,456,769,456,770,456,771,456,772,456,773,456,774,457,775,457,776,458,777,459,778,460,778,461,778,462,779,463,779,464,779,465,779,466,778,467,778,468,778,469,777,470,776,471,775,471,774,472,773,472,772,471,771,472,770,472,769,472,768,471,767,470,766,469,765,468,765,467,764,466,764,465,764,464,764
755,769,754,770,753,770,752,771,751,771,750,772,749,773,749,774,748,775,748,776,748,777,748,778,748,779,748,780,749,781,750,782,751,782,752,782,753,782,754,782,755,782,756,782,757,782,758,781,759,781,760,780,761,779,762,778,762,777,762,776,762,775,762,774,762,773,762,772,761,771,760,770,759,770,758,769,757,769,756,769
612,770,611,771,610,771,609,771,608,771,607,772,606,773,605,774,605,775,604,776,604,777,604,778,604,779,604,780,605,781,605,782,606,783,607,784,608,785,609,785,610,786,611,786,612,786,613,786,614,786,615,786,616,785,617,785,618,784,619,783,620,782,620,781,620,780,620,779,620,778,620,777,620,776,620,775,619,774,619,773,618,772,617,772,616,771,615,771,614,771,613,770
178,771,177,772,176,773,175,774,174,775,174,776,174,777,174,778,174,779,174,780,174,781,175,782,175,783,176,784,177,785,178,786,179,786,180,786,181,787,182,787,183,787,184,787,185,787,186,786,187,786,188,785,189,784,190,783,190,782,190,781,191,780,190,779,190,778,190,777,190,776,189,775,188,774,187,773,186,772,185,772,184,771,183,771,182,771,181,771,180,771,179,771
658,773,657,774,656,774,656,775,655,776,655,777,655,778,655,779,655,780,655,781,656,782,656,783,657,784,657,785,658,786,659,786,660,787,661,788,662,788,663,788,664,788,665,788,666,788,667,787,668,787,669,786,669,785,670,784,670,783,670,782,669,781,669,780,669,779,668,778,667,777,666,776,665,776,664,775,663,774,662,774,661,773,660,773,659,773
823,784,822,785,821,785,820,786,819,787,819,788,818,789,818,790,818,791,818,792,818,793,819,794,819,795,820,796,821,796,822,797,823,797,824,797,825,797,826,797,827,797,828,796,829,796,830,795,831,794,832,793,833,792,833,791,834,790,834,789,834,788,834,787,833,786,832,785,831,784,830,784,829,784,828,784,827,784,826,784,825,784,824,784
289,789,288,790,287,790,286,790,285,791,284,791,283,792,282,793,282,794,281,795,281,796,281,797,281,798,282,799,283,800,284,801,285,802,286,802,287,802,288,802,289,802,290,802,291,801,292,801,293,800,294,799,295,798,295,797,296,796,296,795,296,794,295,793,295,792,294,791,293,790,292,790,291,790,290,789
945,790,944,791,943,791,942,792,941,793,940,794,940,795,939,796,939,797,939,798,939,799,939,800,940,801,940,802,941,803,942,804,943,804,944,805,945,805,946,805,947,805,948,805,949,804,950,804,951,803,952,802,953,801,953,800,954,799,954,798,954,797,954,796,954,795,953,794,953,793,952,792,951,791,950,791,949,790,948,790,947,790,946,790
69,808,68,809,67,809,66,810,65,811,65,812,64,813,64,814,64,815,64,816,64,817,65,818,66,819,67,820,68,821,69,821,70,822,71,822,72,822,73,822,74,822,75,822,76,822,77,822,78,822,79,821,80,821,81,820,82,819,82,818,82,817,82,816,82,815,82,814,82,813,81,812,80,811,79,810,78,809,77,809,76,808,75,808,74,808,73,808,72,808,71,808,70,808
360,815,359,816,358,816,357,817,356,818,355,819,355,820,355,821,355,822,355,823,355,824,355,825,356,826,356,827,357,828,358,828,359,829,360,829,361,829,362,829,363,829,364,829,365,829,366,828,367,828,368,827,369,826,370,825,370,824,371,823,371,822,371,821,371,820,370,819,370,818,369,817,368,816,367,816,366,816,365,815,364,815,363,815,362,815,361,815
225,825,224,826,223,826,222,826,221,827,220,828,219,829,219,830,219,831,219,832,219,833,220,834,220,835,221,836,222,837,223,838,224,838,225,838,226,839,227,839,228,839,229,838,230,838,231,838,232,837,233,836,233,835,234,834,234,833,234,832,234,831,234,830,233,829,233,828,232,827,231,827,230,826,229,826,228,826,227,825,226,825
716,825,715,826,714,827,713,827,713,828,712,829,712,830,712,831,712,832,712,833,712,834,712,835,712,836,712,837,713,838,714,839,715,840,716,841,717,841,718,842,719,842,720,842,721,842,722,841,723,841,724,841,725,840,726,839,727,838,727,837,728,836,728,835,728,834,728,833,728,832,727,831,727,830,726,829,726,828,725,827,724,826,723,826,722,825,721,825,720,825,719,825,718,825,717,825
492,832,491,833,490,833,489,834,488,835,487,836,486,837,486,838,485,839,485,840,485,841,485,842,486,843,486,844,486,845,487,846,488,847,489,847,490,848,491,848,492,848,493,848,494,848,495,848,496,847,497,847,498,846,499,845,500,844,500,843,501,842,501,841,501,840,501,839,501,838,501,837,501,836,501,835,500,834,499,833,498,832,497,832,496,832,495,832,494,832,493,832
310,834,309,835,308,835,307,836,306,837,306,838,305,839,305,840,305,841,305,842,305,843,305,844,306,845,306,846,307,847,308,848,309,849,310,849,311,850,312,850,313,850,314,850,315,850,316,850,317,850,318,849,319,848,320,847,321,846,321,845,321,844,321,843,321,842,321,841,321,840,321,839,320,838,320,837,319,836,318,835,317,835,316,834,315,834,314,834,313,834,312,834,311,834
663,836,662,837,661,837,660,838,659,839,659,840,658,841,658,842,658,843,658,844,658,845,658,846,658,847,659,848,659,849,660,850,661,851,662,852,663,852,664,853,665,853,666,853,667,852,668,852,669,852,670,851,671,850,672,849,672,848,672,847,673,846,673,845,673,844,673,843,672,842,672,841,672,840,671,839,670,838,669,837,668,837,667,836,666,836,665,836,664,836
902,847,901,848,900,848,899,849,898,850,898,851,898,852,898,853,898,854,898,855,899,856,900,857,901,858,902,858,903,859,904,859,905,859,906,859,907,859,908,860,909,860,910,859,911,859,912,859,913,858,914,857,915,856,915,855,915,854,915,853,915,852,914,851,914,850,913,849,912,848,911,847,910,847,909,847,908,847,907,847,906,847,905,847,904,847,903,847
358,854,357,855,356,855,355,856,355,857,354,858,354,859,354,860,354,861,354,862,354,863,354,864,354,865,355,866,356,867,357,868,358,869,359,869,360,869,361,869,362,870,363,869,364,869,365,869,366,868,367,867,368,866,369,865,369,864,369,863,369,862,370,861,369,860,369,859,369,858,368,857,367,856,366,855,365,855,364,854,363,854,362,854,361,854,360,854,359,854
599,856,598,857,597,857,596,858,596,859,595,860,595,861,595,862,595,863,595,864,596,865,596,866,597,867,597,868,598,869,599,870,600,870,601,870,602,871,603,871,604,871,605,871,606,870,607,870,608,869,609,868,609,867,610,866,610,865,610,864,610,863,609,862,609,861,609,860,608,859,607,858,606,857,605,857,604,856,603,856,602,856,601,856,600,856
138,857,137,858,136,858,135,858,134,859,133,860,133,861,132,862,132,863,131,864,131,865,131,866,131,867,132,868,132,869,133,870,133,871,134,872,135,872,136,873,137,873,138,873,139,873,140,873,141,873,142,873,143,873,144,872,145,872,146,871,146,870,147,869,147,868,147,867,148,866,148,865,148,864,147,863,147,862,147,861,146,860,145,859,144,858,143,858,142,858,141,857,140,857,139,857
868,870,867,871,866,871,865,872,865,873,864,874,864,875,865,876,865,877,865,878,865,879,864,880,865,881,866,882,867,882,868,882,869,882,870,881,871,881,872,880,873,880,874,879,875,879,875,878,876,877,876,876,876,875,876,874,876,873,875,872,874,871,873,871,872,871,871,870,870,870,869,870
548,871,547,872,546,872,545,872,544,873,543,873,542,874,541,875,541,876,540,877,540,878,540,879,540,880,541,881,541,882,542,883,543,884,544,885,545,885,546,886,547,886,548,886,549,886,550,886,551,886,552,886,553,885,554,885,555,884,556,883,556,882,557,881,557,880,557,879,557,878,557,877,557,876,556,875,556,874,555,873,554,873,553,872,552,872,551,872,550,871,549,871
852,872,851,873,850,873,849,874,848,875,848,876,847,877,847,878,846,879,846,880,846,881,846,882,847,883,847,884,848,885,848,886,849,886,850,887,851,887,852,887,853,887,854,887,855,887,856,886,857,886,858,885,858,884,859,883,860,882,860,881,861,880,861,879,861,878,861,877,860,876,859,875,859,874,858,873,857,873,856,872,855,872,854,872,853,872
792,903,791,904,790,904,789,905,788,906,787,907,787,908,787,909,787,910,787,911,787,912,788,913,789,914,790,915,791,915,792,915,793,916,794,916,795,915,796,915,797,915,798,914,799,913,800,912,800,911,801,910,801,909,801,908,801,907,800,906,800,905,799,904,798,904,797,903,796,903,795,903,794,903,793,903
594,905,593,906,592,906,591,906,590,907,589,908,589,909,588,910,588,911,588,912,588,913,588,914,588,915,588,916,588,917,589,918,590,919,591,920,592,921,593,922,594,922,595,922,596,923,597,923,598,923,599,923,600,922,601,922,602,921,603,921,603,920,604,919,605,918,605,917,605,916,605,915,605,914,605,913,605,912,604,911,604,910,603,909,602,908,601,907,600,907,599,906,598,906,597,906,596,905,595,905
811,907,810,908,809,908,808,908,807,909,806,910,805,911,805,912,805,913,805,914,805,915,805,916,806,917,806,918,807,919,808,920,809,920,810,921,811,921,812,921,813,921,814,921,815,921,816,921,817,920,818,919,819,918,819,917,819,916,819,915,819,914,818,913,818,912,817,911,816,910,815,909,814,908,813,908,812,908
507,919,506,920,505,921,504,922,504,923,504,924,503,925,503,926,503,927,504,928,504,929,505,930,506,931,507,932,508,932,509,932,510,933,511,933,512,932,513,932,514,932,515,931,516,931,516,930,517,929,517,928,517,927,517,926,517,925,517,924,517,923,516,922,515,921,514,920,513,919,512,919,511,919,510,919,509,919,508,919
206,920,205,921,204,921,203,922,202,922,201,923,201,924,200,925,200,926,200,927,200,928,199,929,200,930,200,931,200,932,200,933,201,934,201,935,202,936,203,937,204,938,205,939,206,939,207,940,208,940,209,940,210,940,211,940,212,940,213,939,214,939,215,938,216,937,216,936,217,935,217,934,217,933,217,932,217,931,217,930,217,929,217,928,217,927,217,926,216,925,216,924,215,923,214,922,213,921,212,921,211,921,210,920,209,920,208,920,207,920
793,927,792,928,791,929,790,930,790,931,789,932,789,933,789,934,789,935,790,936,790,937,791,938,792,939,793,939,794,939,795,940,796,940,797,940,798,940,799,940,800,939,801,939,802,938,803,937,804,936,804,935,804,934,804,933,803,932,803,931,802,930,801,929,800,928,799,928,798,927,797,927,796,927,795,927,794,927
449,937,448,938,447,938,446,939,445,940,445,941,444,942,444,943,444,944,444,945,445,946,445,947,445,948,446,949,447,950,448,951,449,951,450,952,451,952,452,952,453,952,454,952,455,952,456,952,457,951,458,950,458,949,459,948,459,947,459,946,459,945,459,944,458,943,458,942,458,941,457,940,456,939,455,938,454,938,453,937,452,937,451,937,450,937
169,946,168,947,167,948,166,948,165,949,165,950,164,951,164,952,163,953,163,954,163,955,163,956,163,957,163,958,164,959,164,960,165,961,166,961,167,962,168,962,169,963,170,963,171,963,172,963,173,962,174,962,175,961,176,961,177,960,177,959,178,958,178,957,179,956,179,955,179,954,179,953,179,952,179,951,178,950,177,949,176,948,175,947,174,947,173,946,172,946,171,946,170,946
555,965,554,966,553,967,552,968,552,969,551,970,551,971,551,972,551,973,551,974,551,975,552,976,553,977,554,978,555,979,556,979,557,980,558,980,559,980,560,980,561,979,562,978,563,977,563,976,564,975,565,974,566,973,567,972,566,971,566,970,566,969,565,968,564,967,563,966,562,965,561,965,560,965,559,965,558,965,557,965,556,965
899,969,898,970,897,971,896,972,896,973,896,974,896,975,896,976,897,977,897,978,898,979,898,980,899,981,900,981,901,982,902,982,903,982,904,982,905,982,906,982,907,981,908,980,909,979,909,978,909,977,910,976,910,975,909,974,909,973,909,972,908,971,907,970,906,970,905,969,904,969,903,969,902,969,901,969,900,969
568,972,567,973,566,974,565,975,564,976,564,977,563,978,562,979,561,980,560,981,560,982,561,983,561,984,562,985,562,986,563,986,564,987,565,987,566,988,567,988,568,988,569,988,570,988,571,987,572,987,573,987,574,986,575,985,576,984,576,983,577,982,577,981,577,980,577,979,576,978,576,977,575,976,574,975,573,974,572,973,571,973,570,973,569,973
452,973,451,974,450,974,449,974,448,975,447,976,446,977,446,978,446,979,445,980,445,981,445,982,445,983,446,984,446,985,447,986,448,987,449,988,450,989,451,989,452,989,453,989,454,989,455,989,456,988,457,988,458,987,458,986,459,985,459,984,460,983,460,982,460,981,460,980,459,979,459,978,458,977,458,976,457,975,456,975,455,974,454,974,453,974
230,977,229,978,228,979,227,979,227,980,226,981,225,982,225,983,225,984,225,985,225,986,225,987,226,988,226,989,227,990,228,991,229,992,230,992,231,993,232,993,233,993,234,994,235,994,236,994,237,994,238,993,239,993,240,992,241,992,242,991,242,990,243,989,243,988,243,987,243,986,243,985,243,984,243,983,243,982,242,981,242,980,241,979,240,978,239,978,238,977,237,977,236,977,235,977,234,977,233,977,232,977,231,977
985,982,984,983,983,983,982,984,982,985,981,986,981,987,981,988,980,989,980,990,980,991,981,992,981,993,981,994,982,995,983,996,984,997,985,997,986,998,987,998,988,998,989,998,990,997,991,997,992,997,993,996,994,995,995,994,995,993,996,992,996,991,996,990,996,989,996,988,995,987,995,986,994,985,994,984,993,984,992,983,991,982,990,982,989,982,988,982,987,982,986,982
940,983,939,984,938,985,937,985,936,986,936,987,935,988,935,989,936,990,935,991,935,992,935,993,936,994,937,995,938,995,939,996,940,996,941,997,942,997,943,997,944,997,945,997,946,996,947,996,948,995,949,994,950,993,950,992,950,991,950,990,950,989,950,988,950,987,949,986,949,985,948,984,947,983,946,983,945,983,944,983,943,983,942,983,941,983
333,987,332,988,331,989,330,989,330,990,329,991,328,992,328,993,328,994,328,995,328,996,328,997,328,998,328,999,329,1000,329,1001,330,1002,331,1002,332,1003,333,1003,334,1003,335,1003,336,1003,337,1003,338,1002,339,1002,340,1001,341,1000,341,999,342,998,342,997,342,996,342,995,342,994,342,993,342,992,342,991,341,990,341,989,340,988,339,988,338,987,337,987,336,987,335,987,334,987
66,1008,65,1009,64,1010,63,1011,62,1012,62,1013,62,1014,62,1015,62,1016,62,1017,63,1018,64,1019,65,1020,66,1021,67,1021,68,1021,69,1021,70,1022,71,1022,72,1022,73,1021,74,1021,75,1021,76,1020,77,1019,78,1018,78,1017,78,1016,78,1015,78,1014,78,1013,77,1012,76,1011,75,1010,74,1009,73,1008,72,1008,71,1008,70,1008,69,1008,68,1008,67,1008
641,1010,640,1011,639,1012,639,1013,639,1014,639,1015,639,1016,640,1017,640,1018,640,1019,641,1020,642,1021,642,1022,643,1022,644,1023,645,1023,646,1022,647,1022,648,1022,649,1022,649,1021,650,1020,650,1019,650,1018,650,1017,649,1016,649,1015,648,1014,648,1013,647,1012,646,1011,645,1011,644,1010,643,1010,642,1010
