26,0,25,1,24,1,23,2,22,3,22,4,21,5,21,6,21,7,21,8,21,9,21,10,22,11,22,12,23,12,24,13,25,14,26,14,27,14,28,14,29,14,30,14,31,14,32,14,33,14,34,13,35,13,36,12,37,11,37,10,38,9,38,8,39,7,39,6,39,5,38,4,38,3,37,2,37,1,36,1,35,0,34,0,33,0,32,0,31,0,30,0,29,0,28,0,27,0
912,0,911,1,910,1,909,1,908,1,907,2,906,3,905,3,904,4,904,5,903,6,903,7,903,8,903,9,903,10,904,11,905,12,906,13,907,14,908,14,909,14,910,14,911,14,912,14,913,14,914,14,915,14,916,13,917,13,918,12,919,11,920,10,920,9,921,8,921,7,921,6,921,5,921,4,920,3,919,2,919,1,918,1,917,1,916,1,915,0,914,0,913,0
82,6,81,7,80,7,79,8,78,8,77,9,77,10,76,11,76,12,76,13,75,14,75,15,75,16,75,17,74,18,74,19,74,20,74,21,74,22,74,23,74,24,74,25,75,26,76,27,76,28,77,28,78,29,79,29,80,30,81,30,82,30,83,29,84,29,85,29,86,28,87,27,88,26,89,25,90,24,90,23,91,22,92,21,93,20,93,19,93,18,94,17,94,16,94,15,93,14,93,13,93,12,92,11,92,10,91,9,90,8,89,7,88,6,87,6,86,6,85,6,84,6,83,6
522,26,521,27,520,27,519,27,518,28,517,29,517,30,516,31,516,32,516,33,516,34,516,35,516,36,517,37,518,38,519,39,520,40,521,40,522,40,523,40,524,40,525,40,526,40,527,39,528,39,529,38,530,37,530,36,530,35,531,34,531,33,531,32,531,31,530,30,530,29,529,28,528,27,527,27,526,26,525,26,524,26,523,26
823,29,822,30,821,30,820,31,820,32,820,33,820,34,819,35,819,36,819,37,820,38,820,39,820,40,820,41,821,42,822,43,823,44,824,44,825,44,826,44,827,44,828,44,829,43,830,43,831,42,832,41,833,40,833,39,833,38,833,37,833,36,833,35,833,34,832,33,832,32,831,31,830,30,829,29,828,29,827,29,826,29,825,29,824,29
91,32,90,33,89,33,88,34,88,35,87,36,87,37,87,38,87,39,87,40,87,41,88,42,89,43,90,44,91,45,92,45,93,46,94,46,95,46,96,46,97,46,98,46,99,45,100,44,101,43,102,42,102,41,102,40,102,39,102,38,102,37,102,36,101,35,100,34,99,33,98,33,97,32,96,32,95,32,94,32,93,32,92,32
635,42,634,43,633,44,632,45,632,46,631,47,631,48,631,49,631,50,632,51,632,52,633,53,633,54,634,55,635,56,636,57,637,57,638,57,639,57,640,57,641,57,642,57,643,56,644,55,645,54,645,53,646,52,646,51,645,50,646,49,645,48,645,47,644,46,644,45,643,44,642,43,641,43,640,42,639,42,638,42,637,42,636,42
73,44,72,45,71,46,71,47,70,48,70,49,70,50,70,51,70,52,70,53,71,54,72,55,73,56,74,57,75,58,76,58,77,59,78,59,79,59,80,59,81,58,82,58,83,57,83,56,84,55,84,54,84,53,84,52,84,51,84,50,83,49,83,48,82,47,81,46,80,45,79,45,78,44,77,44,76,44,75,44,74,44
158,45,157,46,156,46,155,47,154,48,153,49,152,50,152,51,152,52,152,53,152,54,153,55,153,56,154,57,155,58,156,58,157,59,158,59,159,59,160,59,161,59,162,59,163,58,164,58,165,57,166,56,167,55,167,54,167,53,167,52,167,51,167,50,167,49,166,48,165,47,165,46,164,46,163,45,162,45,161,45,160,45,159,45
336,68,335,69,334,69,333,70,332,70,331,71,330,72,330,73,329,74,329,75,328,76,328,77,328,78,328,79,328,80,329,81,329,82,330,83,331,84,332,85,333,85,334,85,335,85,336,85,337,85,338,85,339,85,340,85,341,84,342,83,343,83,344,82,345,81,345,80,345,79,346,78,346,77,346,76,345,75,345,74,345,73,344,72,343,71,343,70,342,70,341,69,340,69,339,69,338,68,337,68
587,76,586,77,585,77,584,78,583,79,583,80,582,81,582,82,582,83,582,84,582,85,582,86,582,87,583,88,583,89,584,90,585,91,586,92,587,93,588,93,589,94,590,94,591,95,592,95,593,94,594,94,595,94,596,94,597,93,598,92,599,91,600,90,600,89,600,88,601,87,600,86,600,85,599,84,599,83,599,82,598,81,597,80,596,79,595,78,594,77,593,77,592,76,591,76,590,76,589,76,588,76
492,84,491,85,490,86,490,87,489,88,489,89,488,90,488,91,488,92,488,93,489,94,489,95,490,96,491,97,492,98,493,98,494,98,495,98,496,98,497,99,498,98,499,97,500,96,501,95,501,94,502,93,503,92,503,91,503,90,503,89,502,88,502,87,501,86,500,85,499,85,498,84,497,84,496,84,495,84,494,84,493,84
292,85,291,86,290,87,290,88,289,89,289,90,289,91,289,92,289,93,289,94,290,95,291,96,292,97,293,98,294,98,295,98,296,99,297,99,298,99,299,98,300,98,301,97,302,97,302,96,303,95,303,94,304,93,303,92,303,91,303,90,303,89,302,88,301,87,300,86,299,85,298,85,297,85,296,85,295,85,294,85,293,85
503,93,502,94,502,95,501,96,500,97,499,98,498,99,498,100,498,101,498,102,498,103,499,104,500,105,500,106,501,106,502,107,503,107,504,108,505,108,506,108,507,108,508,107,509,107,510,106,511,105,512,104,513,103,513,102,513,101,513,100,513,99,513,98,512,97,512,96,511,95,510,94,509,94,508,93,507,93,506,93,505,93,504,93
863,95,862,96,861,97,861,98,860,99,860,100,860,101,860,102,860,103,861,104,861,105,862,106,863,107,864,108,865,109,866,109,867,109,868,110,869,110,870,110,871,109,872,109,873,108,873,107,874,106,874,105,874,104,874,103,873,102,873,101,872,100,871,99,871,98,870,97,869,97,868,96,867,96,866,95,865,95,864,95
98,107,97,108,96,108,95,109,94,110,94,111,93,112,93,113,93,114,94,115,94,116,95,117,96,118,97,118,98,119,99,119,100,119,101,119,102,119,103,118,104,118,105,117,105,116,106,115,106,114,107,113,107,112,107,111,107,110,106,109,105,108,104,107,103,107,102,107,101,107,100,107,99,107
392,115,391,116,390,116,389,117,388,118,388,119,387,120,387,121,387,122,387,123,387,124,387,125,387,126,387,127,388,128,388,129,389,130,389,131,390,132,391,133,392,134,393,134,394,134,395,134,396,134,397,133,398,133,399,132,400,131,401,130,402,129,402,128,403,127,403,126,404,125,404,124,404,123,404,122,404,121,403,120,403,119,402,118,402,117,401,116,400,116,399,115,398,115,397,115,396,115,395,115,394,115,393,115
544,121,543,122,542,123,542,124,541,125,541,126,541,127,540,128,541,129,541,130,541,131,541,132,542,133,543,134,544,135,545,135,546,136,547,136,548,136,549,136,550,136,551,135,552,135,553,134,554,134,555,133,555,132,556,131,556,130,556,129,556,128,556,127,556,126,556,125,555,124,555,123,554,123,553,122,552,121,551,121,550,121,549,121,548,121,547,121,546,121,545,121
358,146,357,147,356,147,355,147,354,148,353,149,353,150,352,151,352,152,352,153,352,154,352,155,352,156,352,157,352,158,352,159,352,160,353,161,353,162,354,163,355,164,356,165,357,165,358,165,359,165,360,165,361,165,362,164,363,164,364,163,365,162,365,161,366,160,366,159,366,158,366,157,366,156,366,155,366,154,366,153,366,152,365,151,365,150,364,149,363,148,362,147,361,147,360,147,359,146
312,166,311,167,310,167,309,168,308,169,307,170,306,171,306,172,305,173,305,174,305,175,304,176,304,177,304,178,304,179,305,180,305,181,306,182,307,183,308,183,309,183,310,184,311,184,312,184,313,184,314,183,315,183,316,182,317,182,318,181,318,180,319,179,320,178,320,177,321,176,321,175,321,174,321,173,321,172,321,171,320,170,319,169,319,168,318,167,317,167,316,166,315,166,314,166,313,166
733,166,732,167,731,167,730,167,729,168,728,169,727,170,727,171,727,172,727,173,727,174,727,175,728,176,728,177,729,178,730,179,731,180,732,180,733,180,734,181,735,181,736,181,737,180,738,180,739,179,740,178,741,177,741,176,741,175,741,174,741,173,741,172,741,171,740,170,739,169,738,168,737,167,736,167,735,167,734,167
1,181,1,182,0,183,0,184,0,185,0,186,0,187,0,188,0,189,0,190,0,191,0,192,1,193,1,194,2,194,3,194,4,194,5,194,6,193,7,193,8,192,9,191,9,190,10,189,10,188,10,187,10,186,10,185,9,184,8,183,7,183,6,182,5,182,4,181,3,181,2,181
621,191,620,192,619,192,618,193,617,194,616,195,616,196,615,197,615,198,615,199,615,200,615,201,615,202,615,203,615,204,615,205,616,206,616,207,617,208,618,208,619,209,620,209,621,209,622,209,623,209,624,209,625,208,626,207,627,206,627,205,628,204,628,203,628,202,628,201,628,200,628,199,628,198,628,197,628,196,628,195,627,194,627,193,626,192,625,192,624,192,623,191,622,191
836,200,835,201,834,201,833,201,832,202,831,202,830,203,830,204,829,205,829,206,828,207,828,208,828,209,828,210,828,211,829,212,829,213,829,214,830,215,830,216,831,217,831,218,832,219,833,220,834,220,835,221,836,221,837,221,838,222,839,222,840,222,841,221,842,221,843,220,844,220,844,219,845,218,846,217,847,216,847,215,847,214,847,213,847,212,847,211,847,210,847,209,847,208,847,207,846,206,846,205,845,204,844,203,843,202,842,201,841,201,840,201,839,200,838,200,837,200
473,205,472,206,471,206,470,207,469,208,468,209,468,210,468,211,468,212,468,213,468,214,468,215,469,216,470,217,471,218,472,219,473,219,474,219,475,219,476,219,477,219,478,219,479,219,480,219,480,218,481,217,481,216,482,215,482,214,482,213,482,212,483,211,483,210,483,209,483,208,482,207,481,207,480,206,479,205,478,205,477,205,476,205,475,205,474,205
484,208,484,209,484,210,484,211,483,212,483,213,483,214,483,215,482,216,482,217,481,218,481,219,481,220,482,221,483,222,484,222,485,223,486,223,487,223,488,223,489,223,490,223,491,222,492,222,493,221,494,220,494,219,494,218,495,217,495,216,495,215,494,214,494,213,494,212,493,211,492,210,491,209,490,208,489,208,488,208,487,208,486,208,485,208
27,214,26,215,25,215,24,215,23,216,22,217,22,218,21,219,21,220,21,221,21,222,21,223,21,224,21,225,22,226,23,227,24,227,25,228,26,228,27,228,28,227,29,227,30,227,31,226,32,226,33,225,34,224,34,223,35,222,35,221,35,220,35,219,34,218,34,217,33,216,32,215,31,215,30,214,29,214,28,214
164,221,163,222,162,222,161,223,160,224,159,225,159,226,159,227,159,228,160,229,160,230,160,231,161,232,162,233,162,234,163,235,164,235,165,236,166,236,167,237,168,237,169,237,170,237,171,237,172,237,173,237,174,236,175,235,176,234,176,233,176,232,176,231,176,230,176,229,176,228,175,227,174,226,173,225,172,224,171,224,170,223,169,223,168,222,167,222,166,222,165,221
563,239,562,240,561,240,560,241,559,242,559,243,558,244,558,245,558,246,558,247,558,248,558,249,558,250,558,251,558,252,558,253,558,254,558,255,558,256,558,257,558,258,558,259,559,260,559,261,560,262,561,263,562,263,563,264,564,264,565,264,566,265,567,265,568,265,569,265,570,265,571,265,572,265,573,264,574,264,575,264,576,263,577,262,578,261,578,260,578,259,578,258,578,257,577,256,577,255,577,254,577,253,577,252,576,251,577,250,577,249,577,248,576,247,576,246,576,245,575,244,574,243,573,242,572,241,571,240,570,240,569,239,568,239,567,239,566,239,565,239,564,239
463,260,462,261,461,261,460,262,459,263,459,264,459,265,459,266,459,267,459,268,459,269,460,270,461,270,462,271,463,271,464,271,465,271,466,271,467,271,468,271,469,271,470,270,471,269,472,268,472,267,472,266,472,265,472,264,471,263,471,262,470,261,469,261,468,260,467,260,466,260,465,260,464,260
51,272,50,273,49,273,48,274,47,275,47,276,47,277,46,278,46,279,46,280,46,281,46,282,47,283,47,284,48,285,49,286,50,287,51,287,52,287,53,287,54,287,55,287,56,287,57,286,58,285,59,284,60,283,60,282,60,281,61,280,61,279,60,278,60,277,60,276,59,275,58,274,57,273,56,272,55,272,54,272,53,272,52,272
384,274,383,275,382,275,381,276,380,277,380,278,379,279,379,280,379,281,379,282,380,283,380,284,381,285,382,286,383,286,384,287,385,287,386,287,387,287,388,287,389,287,390,287,391,287,392,286,393,286,394,285,394,284,395,283,395,282,395,281,395,280,395,279,395,278,394,277,393,276,392,275,391,274,390,274,389,274,388,274,387,274,386,274,385,274
107,281,106,282,105,282,104,283,103,283,103,284,102,285,102,286,102,287,102,288,102,289,103,290,104,291,104,292,105,293,106,294,107,295,108,296,109,296,110,296,111,297,112,297,113,297,114,297,115,296,116,296,117,295,118,294,119,293,119,292,119,291,120,290,120,289,119,288,119,287,119,286,118,285,117,284,116,283,115,282,114,282,113,281,112,281,111,281,110,281,109,281,108,281
507,285,506,286,505,286,504,286,503,287,502,288,501,289,500,290,500,291,499,292,499,293,499,294,499,295,499,296,499,297,500,298,500,299,501,299,502,300,503,301,504,301,505,301,506,301,507,301,508,301,509,301,510,301,511,301,512,300,513,300,514,299,515,298,516,297,516,296,517,295,517,294,517,293,517,292,517,291,516,290,516,289,515,288,514,287,513,286,512,286,511,286,510,285,509,285,508,285
610,288,609,289,608,289,607,289,606,289,605,290,604,290,603,291,602,292,602,293,602,294,601,295,602,296,602,297,602,298,603,299,603,300,604,301,604,302,605,302,606,303,607,303,608,304,609,304,610,305,611,305,612,305,613,305,614,304,615,304,616,304,617,303,618,303,619,302,620,301,621,301,622,300,623,300,624,299,625,298,626,298,627,298,628,299,629,299,630,300,631,300,632,300,633,301,634,301,635,301,636,300,637,300,638,299,639,299,639,298,639,297,639,296,639,295,639,294,638,293,637,292,636,292,635,293,634,293,633,294,632,294,631,295,630,295,629,295,628,294,627,294,626,293,625,293,624,292,623,292,622,292,621,292,620,292,619,291,618,291,617,290,616,289,615,289,614,289,613,288,612,288,611,288
905,290,904,291,903,291,902,291,901,292,900,293,900,294,899,295,899,296,899,297,899,298,899,299,899,300,900,301,900,302,901,303,902,304,903,304,904,305,905,305,906,305,907,306,908,306,909,306,910,305,911,305,912,305,913,304,914,303,915,302,916,301,916,300,916,299,916,298,916,297,916,296,916,295,915,294,914,293,913,292,912,291,911,291,910,291,909,290,908,290,907,290,906,290
582,298,581,299,580,299,579,299,578,300,577,301,576,302,575,303,575,304,575,305,575,306,575,307,575,308,575,309,576,310,576,311,577,312,578,313,579,313,580,314,581,314,582,314,583,315,584,314,585,314,586,314,587,313,588,312,589,311,589,310,590,309,590,308,590,307,590,306,590,305,590,304,590,303,589,302,588,301,588,300,587,300,586,299,585,299,584,298,583,298
603,303,602,304,601,304,600,305,599,306,598,307,598,308,598,309,597,310,597,311,597,312,597,313,597,314,598,315,598,316,599,317,600,318,601,319,602,319,603,319,604,319,605,319,606,319,607,319,608,318,609,317,610,316,611,315,611,314,611,313,611,312,612,311,611,310,611,309,611,308,611,307,610,306,609,305,608,305,607,304,606,304,605,303,604,303
663,305,662,306,661,306,660,307,660,308,659,309,659,310,658,311,658,312,658,313,658,314,658,315,658,316,658,317,659,318,659,319,660,320,660,321,661,322,662,323,663,323,664,324,665,324,666,324,667,324,668,324,669,324,670,324,671,324,672,323,673,323,674,322,675,322,676,321,676,320,676,319,676,318,676,317,676,316,676,315,676,314,675,313,675,312,674,311,674,310,673,309,673,308,672,307,671,307,670,306,669,305,668,305,667,305,666,305,665,305,664,305
207,309,206,310,205,311,204,311,204,312,203,313,202,314,202,315,202,316,202,317,202,318,203,319,203,320,203,321,204,322,205,323,206,324,207,324,208,325,209,325,210,325,211,326,212,326,213,326,214,326,215,325,216,325,217,324,218,323,218,322,219,321,219,320,219,319,219,318,219,317,219,316,218,315,218,314,217,313,217,312,216,311,215,311,214,310,213,310,212,309,211,309,210,309,209,309,208,309
410,311,409,312,408,312,407,312,406,313,405,314,405,315,404,316,404,317,404,318,403,319,403,320,403,321,404,322,404,323,404,324,405,325,406,326,407,327,408,328,409,328,410,328,411,329,412,329,413,329,414,328,415,328,416,328,417,327,418,326,419,325,419,324,419,323,420,322,420,321,420,320,419,319,419,318,419,317,418,316,418,315,417,314,416,313,415,312,414,312,413,312,412,311,411,311
649,322,648,323,647,324,646,324,646,325,645,326,644,327,644,328,644,329,643,330,643,331,644,332,644,333,644,334,645,335,645,336,646,337,647,338,648,339,649,339,650,339,651,340,652,340,653,340,654,340,655,340,656,340,657,339,658,339,659,338,660,337,660,336,661,335,661,334,661,333,661,332,661,331,661,330,660,329,660,328,660,327,659,326,658,325,657,324,656,323,655,323,654,323,653,322,652,322,651,322,650,322
994,330,993,331,992,331,991,331,990,332,989,332,989,333,988,334,988,335,987,336,987,337,987,338,988,339,988,340,989,341,990,342,991,343,992,343,993,344,994,344,995,344,996,344,997,344,998,343,999,343,1000,342,1001,341,1002,340,1002,339,1002,338,1002,337,1002,336,1002,335,1001,334,1001,333,1000,332,999,331,998,331,997,331,996,331,995,331
87,333,86,334,85,334,84,335,83,336,82,337,82,338,81,339,81,340,81,341,81,342,82,343,82,344,82,345,83,346,84,347,85,348,86,348,87,349,88,349,89,349,90,349,91,349,92,349,93,348,94,348,95,347,96,346,97,345,98,344,98,343,98,342,99,341,99,340,99,339,98,338,98,337,97,336,97,335,96,334,95,334,94,333,93,333,92,333,91,333,90,333,89,333,88,333
16,335,15,336,14,336,13,337,12,337,11,338,10,339,10,340,9,341,9,342,8,343,8,344,8,345,9,346,9,347,9,348,10,349,11,350,12,351,13,351,14,352,15,352,16,352,17,352,18,352,19,351,20,351,21,351,22,350,23,349,24,348,25,347,26,346,26,345,26,344,26,343,26,342,26,341,26,340,26,339,25,338,25,337,24,336,23,336,22,335,21,335,20,335,19,335,18,335,17,335
517,340,516,341,515,341,514,342,513,342,512,343,512,344,511,345,511,346,510,347,510,348,510,349,511,350,511,351,512,352,513,353,514,354,515,354,516,355,517,355,518,355,519,355,520,355,521,354,522,354,523,353,524,352,525,351,526,350,526,349,526,348,526,347,526,346,526,345,526,344,525,343,525,342,524,341,523,341,522,341,521,340,520,340,519,340,518,340
358,341,357,342,356,342,355,343,355,344,354,345,354,346,354,347,354,348,354,349,354,350,355,351,356,352,357,353,358,354,359,355,360,355,361,356,362,356,363,356,364,356,365,356,366,356,367,355,368,355,369,354,369,353,370,352,370,351,370,350,370,349,370,348,370,347,369,346,368,345,368,344,367,344,366,343,365,342,364,342,363,342,362,341,361,341,360,341,359,341
553,349,552,350,551,350,550,351,550,352,549,353,549,354,548,355,548,356,548,357,548,358,549,359,549,360,550,361,551,362,552,363,553,363,554,363,555,364,556,364,557,364,558,364,559,364,560,363,561,363,562,362,563,361,564,360,564,359,564,358,564,357,564,356,564,355,564,354,563,353,563,352,562,351,561,350,560,350,559,349,558,349,557,349,556,349,555,349,554,349
145,372,144,373,143,373,142,374,141,375,140,376,139,377,139,378,139,379,139,380,139,381,139,382,139,383,139,384,139,385,140,386,141,387,142,388,143,388,144,389,145,389,146,389,147,389,148,389,149,389,150,389,151,389,152,388,153,387,154,386,155,385,155,384,156,383,156,382,156,381,156,380,156,379,156,378,155,377,155,376,154,375,153,374,152,374,151,373,150,373,149,372,148,372,147,372,146,372
614,375,613,376,612,376,611,377,610,377,610,378,609,379,609,380,609,381,609,382,610,383,610,384,611,385,612,386,613,386,614,387,615,387,616,387,617,386,618,386,619,385,620,384,620,383,621,382,621,381,621,380,620,379,620,378,619,377,618,376,617,376,616,375,615,375
334,378,333,379,332,379,331,380,331,381,330,382,330,383,330,384,329,385,329,386,329,387,329,388,330,389,330,390,331,391,331,392,332,393,333,393,334,394,335,394,336,394,337,394,338,394,339,394,340,394,341,393,342,392,343,391,344,390,344,389,345,388,345,387,344,386,345,385,345,384,345,383,344,382,344,381,343,380,342,379,341,378,340,378,339,378,338,378,337,378,336,378,335,378
449,386,448,387,447,387,446,388,445,389,444,390,444,391,443,392,443,393,442,394,442,395,442,396,442,397,442,398,442,399,442,400,443,401,443,402,444,403,445,403,446,404,447,404,448,405,449,405,450,405,451,405,452,405,453,405,454,404,455,404,456,403,457,402,458,401,459,400,460,399,460,398,461,397,461,396,461,395,461,394,461,393,461,392,461,391,460,390,460,389,459,388,458,387,457,387,456,386,455,386,454,386,453,386,452,386,451,386,450,386
942,388,941,389,940,389,939,389,938,390,937,391,936,392,936,393,935,394,935,395,935,396,935,397,934,398,935,399,935,400,935,401,935,402,936,403,936,404,937,404,938,405,939,406,940,406,941,406,942,406,943,406,944,406,945,405,946,404,947,404,948,403,948,402,949,401,949,400,949,399,950,398,950,397,950,396,950,395,949,394,949,393,949,392,948,391,947,390,946,389,945,389,944,389,943,388
2,390,1,391,0,392,0,393,0,394,0,395,0,396,0,397,0,398,0,399,0,400,0,401,0,402,0,403,1,404,2,405,3,405,4,406,5,406,6,406,7,405,8,405,9,405,10,404,11,403,12,402,12,401,12,400,12,399,12,398,12,397,12,396,11,395,11,394,10,393,9,392,8,392,7,391,6,391,5,391,4,390,3,390
513,394,512,395,511,395,510,396,509,397,508,398,508,399,507,400,507,401,507,402,507,403,507,404,508,405,508,406,509,407,510,408,511,409,512,409,513,410,514,410,515,410,516,410,517,410,518,409,519,409,520,408,521,408,521,407,522,406,522,405,523,404,523,403,523,402,523,401,523,400,522,399,522,398,521,397,520,396,519,395,518,395,517,394,516,394,515,394,514,394
71,395,70,396,69,396,68,397,68,398,67,399,67,400,66,401,66,402,66,403,66,404,66,405,66,406,67,407,68,408,68,409,69,410,70,410,71,410,72,411,73,411,74,411,75,411,76,412,77,412,78,412,79,413,80,413,81,413,82,413,83,412,83,411,83,410,83,409,84,408,85,407,86,407,87,406,88,406,88,405,88,404,87,403,86,402,85,402,84,401,84,400,83,399,82,398,81,397,80,397,79,396,78,396,77,395,76,395,75,395,74,395,73,395,72,395
393,422,392,423,391,423,390,424,390,425,389,426,389,427,389,428,389,429,389,430,389,431,390,432,390,433,391,434,392,434,393,435,394,436,395,436,396,436,397,437,398,437,399,437,400,436,401,436,402,436,403,435,404,434,404,433,404,432,405,431,405,430,404,429,404,428,404,427,403,426,403,425,402,424,401,424,400,423,399,422,398,422,397,422,396,422,395,422,394,422
627,423,626,424,625,424,624,425,624,426,623,427,623,428,623,429,623,430,624,431,624,432,625,433,626,434,627,434,628,435,629,435,630,436,631,436,632,436,633,436,634,436,635,435,636,434,637,433,637,432,637,431,637,430,637,429,637,428,636,427,636,426,635,425,634,425,633,424,632,424,631,423,630,423,629,423,628,423
348,450,347,451,346,451,345,451,344,452,343,453,343,454,343,455,342,456,342,457,342,458,342,459,343,460,343,461,344,462,345,463,346,464,347,464,348,465,349,465,350,465,351,465,352,466,353,465,354,465,355,465,356,464,357,463,357,462,358,461,358,460,358,459,358,458,358,457,357,456,357,455,356,454,355,453,354,452,353,451,352,451,351,451,350,450,349,450
145,451,144,452,143,452,142,453,141,454,140,455,140,456,139,457,139,458,139,459,139,460,139,461,139,462,139,463,140,464,141,465,142,466,143,467,144,467,145,468,146,468,147,468,148,468,149,468,150,468,151,467,152,467,153,466,153,465,154,464,155,463,155,462,155,461,155,460,155,459,155,458,155,457,155,456,154,455,154,454,153,453,152,453,151,452,150,452,149,452,148,451,147,451,146,451
426,457,425,458,424,458,423,459,422,460,422,461,421,462,421,463,421,464,420,465,420,466,420,467,420,468,420,469,420,470,421,471,421,472,422,473,423,474,424,475,425,475,426,475,427,475,428,475,429,475,430,474,431,473,432,472,432,471,432,470,433,469,433,468,433,467,433,466,433,465,433,464,433,463,433,462,433,461,432,460,431,459,430,458,429,458,428,457,427,457
604,476,603,477,602,477,601,478,600,479,600,480,599,481,599,482,599,483,599,484,599,485,600,486,601,487,601,488,602,489,603,490,604,490,605,491,606,491,607,491,608,492,609,492,610,491,611,491,612,491,613,490,614,489,615,488,615,487,615,486,615,485,615,484,615,483,615,482,615,481,614,480,613,479,613,478,612,478,611,477,610,477,609,476,608,476,607,476,606,476,605,476
804,476,803,477,802,477,801,478,800,478,799,479,799,480,799,481,798,482,798,483,799,484,799,485,800,486,801,487,802,487,803,487,804,488,805,488,806,488,807,488,808,488,809,488,810,489,811,489,812,489,813,489,814,489,815,489,816,488,817,487,817,486,817,485,817,484,816,483,816,482,815,481,814,480,813,479,812,478,811,477,810,477,809,477,808,476,807,476,806,476,805,476
217,480,216,481,215,481,214,481,213,481,212,482,211,482,210,482,209,483,208,484,207,484,206,485,205,486,205,487,204,488,204,489,203,490,203,491,202,492,202,493,202,494,202,495,202,496,202,497,202,498,203,499,203,500,204,501,205,501,206,502,207,502,208,503,209,503,210,503,211,503,212,503,213,502,214,502,215,502,216,501,217,501,218,500,219,500,220,499,221,499,222,499,223,499,224,498,225,497,226,497,226,496,227,495,228,494,228,493,228,492,228,491,228,490,228,489,227,488,227,487,227,486,226,485,226,484,225,483,224,482,223,482,222,481,221,481,220,481,219,481,218,480
945,485,944,486,943,486,942,486,941,487,940,487,939,488,939,489,938,490,938,491,938,492,938,493,938,494,938,495,938,496,939,497,939,498,940,499,941,499,942,500,943,500,944,501,945,501,946,501,947,501,948,501,949,501,950,500,951,500,952,499,953,498,954,497,954,496,955,495,955,494,955,493,954,492,954,491,954,490,953,489,952,488,951,487,950,486,949,486,948,485,947,485,946,485
246,494,245,495,244,496,244,497,244,498,243,499,243,500,243,501,243,502,243,503,243,504,243,505,243,506,243,507,244,508,244,509,245,510,246,511,247,512,248,513,249,513,250,513,251,512,252,512,253,511,254,511,254,510,255,509,255,508,255,507,256,506,256,505,256,504,256,503,256,502,256,501,255,500,255,499,255,498,254,497,254,496,253,495,252,495,251,494,250,494,249,494,248,494,247,494
630,498,629,499,628,499,627,500,626,500,625,501,624,502,623,503,623,504,622,505,622,506,621,507,621,508,621,509,621,510,622,511,621,512,621,513,621,514,621,515,621,516,622,517,622,518,622,519,623,520,624,521,625,522,626,523,627,523,628,523,629,524,630,524,631,523,632,523,633,522,634,522,635,521,635,520,636,519,636,518,637,517,637,516,637,515,638,514,638,513,638,512,638,511,639,510,639,509,640,508,640,507,640,506,640,505,640,504,639,503,639,502,638,501,637,500,636,499,635,499,634,498,633,498,632,498,631,498
398,509,397,510,396,511,395,512,394,513,394,514,394,515,394,516,394,517,394,518,394,519,394,520,395,521,396,522,397,523,398,524,399,525,400,525,401,526,402,526,403,526,404,526,405,526,406,525,407,525,408,525,409,524,410,523,411,522,412,521,412,520,412,519,412,518,412,517,412,516,412,515,412,514,411,513,410,512,409,511,408,510,407,510,406,509,405,509,404,509,403,509,402,509,401,509,400,509,399,509
491,519,490,520,489,520,488,521,487,522,486,523,486,524,486,525,486,526,486,527,486,528,486,529,486,530,487,531,487,532,488,533,489,533,490,534,491,534,492,534,493,534,494,534,495,533,496,533,497,532,498,531,498,530,499,529,499,528,499,527,499,526,499,525,499,524,499,523,498,522,497,521,496,521,495,520,494,520,493,519,492,519
646,532,645,533,644,533,644,534,643,535,643,536,643,537,642,538,642,539,642,540,642,541,642,542,642,543,643,544,644,545,645,545,646,546,647,546,648,546,649,546,650,546,651,545,652,545,653,544,654,543,655,542,655,541,656,540,656,539,656,538,656,537,656,536,655,535,654,534,653,533,652,533,651,533,650,532,649,532,648,532,647,532
203,543,202,544,201,545,200,546,199,547,199,548,199,549,198,550,198,551,198,552,199,553,199,554,199,555,200,556,200,557,201,558,202,558,203,559,204,560,205,560,206,560,207,560,208,560,209,560,210,560,211,559,212,558,213,557,214,556,214,555,214,554,214,553,214,552,214,551,214,550,214,549,213,548,213,547,212,546,211,545,210,544,209,544,208,543,207,543,206,543,205,543,204,543
536,548,535,549,534,549,533,550,532,551,531,552,531,553,530,554,530,555,530,556,530,557,530,558,530,559,530,560,530,561,531,562,532,563,533,564,534,564,535,565,536,565,537,565,538,565,539,564,540,564,541,564,542,563,543,562,544,561,544,560,545,559,545,558,546,557,546,556,546,555,546,554,546,553,546,552,545,551,545,550,544,549,543,548,542,548,541,548,540,548,539,548,538,548,537,548
802,551,801,552,800,552,799,553,798,554,798,555,797,556,797,557,797,558,797,559,797,560,797,561,797,562,798,563,798,564,799,565,800,566,801,566,802,567,803,567,804,567,805,567,806,566,807,566,808,565,809,564,809,563,810,562,810,561,810,560,810,559,810,558,810,557,810,556,809,555,809,554,808,553,807,552,806,552,805,551,804,551,803,551
41,555,40,556,39,557,38,558,38,559,38,560,38,561,38,562,38,563,39,564,39,565,40,566,41,567,42,568,43,569,44,569,45,570,46,570,47,570,48,570,49,569,50,569,51,568,52,567,52,566,53,565,53,564,53,563,53,562,52,561,52,560,51,559,51,558,50,557,49,556,48,556,47,555,46,555,45,555,44,555,43,555,42,555
422,555,421,556,420,556,419,556,418,556,417,557,416,557,416,558,415,559,415,560,415,561,415,562,415,563,415,564,416,565,416,566,417,567,418,567,419,568,420,568,421,569,422,569,423,569,424,569,425,568,426,568,427,568,428,567,429,566,430,566,430,565,431,564,431,563,430,562,431,561,431,560,430,559,430,558,429,557,428,557,427,556,426,556,425,556,424,555,423,555
861,569,860,570,859,570,858,571,857,572,856,572,855,573,854,574,853,575,852,576,852,577,851,578,850,579,850,580,850,581,850,582,850,583,850,584,850,585,851,586,851,587,851,588,852,589,853,590,854,591,855,592,856,592,857,593,858,593,859,593,860,593,861,593,862,593,863,593,864,593,865,593,866,592,867,592,868,591,869,590,869,589,870,588,870,587,871,586,871,585,871,584,871,583,871,582,872,581,872,580,872,579,872,578,872,577,871,576,871,575,871,574,871,573,870,572,869,571,868,570,867,570,866,569,865,569,864,569,863,569,862,569
886,587,885,588,884,588,883,589,883,590,882,591,882,592,882,593,881,594,881,595,882,596,882,597,882,598,883,599,884,600,885,600,886,601,887,601,888,602,889,602,890,602,891,602,892,601,893,601,894,600,895,600,896,599,897,598,897,597,898,596,898,595,898,594,898,593,898,592,897,591,897,590,896,589,895,588,894,588,893,587,892,587,891,587,890,587,889,587,888,587,887,587
904,590,903,591,902,591,901,592,900,593,900,594,899,595,899,596,900,597,900,598,900,599,901,600,902,601,902,602,903,602,904,603,905,603,906,603,907,603,908,603,909,602,910,602,911,601,912,600,913,599,913,598,913,597,913,596,912,595,912,594,911,593,911,592,910,591,909,591,908,590,907,590,906,590,905,590
935,590,934,591,933,591,932,592,931,592,930,593,929,594,929,595,928,596,928,597,927,598,927,599,927,600,927,601,927,602,927,603,928,604,928,605,929,606,930,607,931,608,932,608,933,609,934,609,935,609,936,609,937,609,938,609,939,609,940,608,941,608,942,607,943,607,944,606,944,605,945,604,945,603,946,602,946,601,946,600,946,599,946,598,946,597,945,596,945,595,944,594,944,593,943,592,942,591,941,591,940,590,939,590,938,590,937,590,936,590
466,595,465,596,464,596,463,596,462,596,461,597,460,598,459,598,458,599,457,600,457,601,456,602,456,603,455,604,455,605,454,606,454,607,454,608,454,609,454,610,454,611,454,612,455,613,455,614,455,615,456,616,456,617,457,618,457,619,458,620,459,621,460,622,461,622,462,623,463,623,464,623,465,624,466,624,467,624,468,624,469,623,470,623,471,623,472,623,473,622,474,622,475,622,476,621,477,621,478,620,479,620,480,619,481,619,482,619,483,618,484,618,485,617,485,616,486,615,486,614,486,613,486,612,485,611,485,610,485,609,485,608,484,607,484,606,484,605,483,604,483,603,483,602,482,601,481,600,480,599,479,599,478,598,477,598,476,598,475,597,474,597,473,596,472,596,471,596,470,596,469,595,468,595,467,595
681,595,680,596,679,597,678,598,677,599,677,600,677,601,678,602,678,603,678,604,679,605,680,606,681,607,682,608,683,608,684,609,685,609,686,609,687,609,688,609,689,609,690,608,691,607,692,606,692,605,692,604,692,603,692,602,692,601,691,600,691,599,690,598,689,597,688,597,687,596,686,596,685,595,684,595,683,595,682,595
841,605,840,606,839,606,838,606,837,607,837,608,836,609,836,610,836,611,836,612,837,613,837,614,838,615,838,616,839,617,840,618,841,618,842,618,843,618,844,617,845,617,846,617,847,616,848,616,849,616,850,616,849,615,849,614,849,613,849,612,849,611,848,610,847,609,846,608,845,607,844,606,843,606,842,606
734,616,733,617,732,617,731,618,730,619,729,620,728,621,728,622,727,623,727,624,727,625,727,626,727,627,727,628,727,629,728,630,729,631,730,632,731,633,732,633,733,633,734,634,735,634,736,634,737,634,738,634,739,634,740,634,741,633,742,633,743,633,744,632,745,632,746,631,747,630,748,629,749,628,749,627,749,626,748,626,747,625,748,624,749,624,749,623,749,622,748,621,747,620,747,619,746,618,745,618,744,617,743,617,742,616,741,616,740,616,739,616,738,616,737,616,736,616,735,616
847,617,846,618,845,618,844,618,843,619,842,619,841,619,840,619,840,620,840,621,840,622,841,623,841,624,842,625,842,626,843,627,844,627,845,628,846,628,847,629,848,629,849,629,850,629,851,628,852,628,853,627,853,626,854,625,854,624,854,623,853,622,853,621,852,620,852,619,851,618,850,617,849,617,848,617
235,637,234,638,233,639,232,640,232,641,231,642,231,643,230,644,230,645,230,646,230,647,230,648,230,649,230,650,230,651,231,652,231,653,232,654,233,655,234,656,235,656,236,656,237,657,238,657,239,657,240,657,241,657,242,656,243,656,244,655,245,655,246,654,246,653,247,652,247,651,247,650,248,649,248,648,248,647,248,646,248,645,247,644,247,643,247,642,246,641,245,640,245,639,244,639,243,638,242,637,241,637,240,637,239,637,238,637,237,637,236,637
739,638,738,639,737,639,736,639,735,640,734,640,733,641,732,642,731,643,731,644,731,645,731,646,731,647,731,648,731,649,731,650,732,651,733,652,734,653,735,654,736,654,737,655,738,655,739,655,740,655,741,655,742,655,743,655,744,655,745,655,746,654,747,654,748,654,749,653,750,653,751,652,752,651,753,650,753,649,753,648,754,647,754,646,754,645,753,644,753,643,752,642,751,641,750,640,749,639,748,639,747,639,746,639,745,639,744,639,743,638,742,638,741,638,740,638
550,650,549,651,548,651,547,652,546,653,546,654,545,655,545,656,545,657,545,658,545,659,545,660,546,661,546,662,547,663,548,663,549,664,550,664,551,665,552,665,553,665,554,664,555,664,556,664,557,663,558,662,559,662,559,661,560,660,560,659,560,658,560,657,560,656,560,655,560,654,559,653,558,652,557,651,556,650,555,650,554,650,553,650,552,650,551,650
1004,660,1003,661,1002,661,1001,662,1000,663,999,664,998,665,997,666,997,667,996,668,996,669,995,670,995,671,995,672,995,673,995,674,995,675,995,676,996,677,996,678,997,679,998,680,999,681,1000,682,1001,682,1002,683,1003,683,1004,683,1005,684,1006,684,1007,684,1008,684,1009,684,1010,683,1011,683,1012,683,1013,682,1014,681,1015,680,1016,679,1016,678,1017,677,1017,676,1017,675,1017,674,1017,673,1017,672,1017,671,1017,670,1017,669,1016,668,1016,667,1016,666,1015,665,1015,664,1014,663,1013,662,1012,661,1011,661,1010,661,1009,660,1008,660,1007,660,1006,660,1005,660
792,670,791,671,790,672,790,673,790,674,790,675,790,676,790,677,791,678,791,679,792,680,793,681,794,682,795,683,796,683,797,684,798,684,799,684,800,685,801,684,802,684,803,684,804,683,804,682,805,681,805,680,805,679,804,678,804,677,804,676,803,675,802,674,802,673,801,672,800,671,799,671,798,670,797,670,796,670,795,670,794,670,793,670
793,693,792,694,791,694,790,695,789,696,789,697,788,698,788,699,788,700,787,701,787,702,788,703,788,704,788,705,789,706,790,707,791,708,792,709,793,709,794,709,795,709,796,709,797,709,798,708,799,708,800,707,800,706,801,705,801,704,801,703,802,702,802,701,802,700,802,699,801,698,801,697,801,696,800,695,799,694,798,693,797,693,796,693,795,693,794,693
61,704,60,705,59,705,58,706,57,707,56,708,55,709,55,710,55,711,55,712,56,713,57,714,57,715,58,715,59,716,60,716,61,716,62,716,63,716,64,716,65,715,66,715,67,714,67,713,68,712,68,711,69,710,69,709,69,708,68,707,68,706,67,705,66,704,65,704,64,704,63,704,62,704
243,707,242,708,241,708,240,709,239,710,238,711,238,712,237,713,237,714,237,715,237,716,237,717,237,718,238,719,238,720,239,721,240,721,241,721,242,722,243,722,244,722,245,721,246,721,247,720,248,720,249,719,250,718,251,717,251,716,252,715,252,714,252,713,252,712,252,711,252,710,251,709,250,708,249,708,248,707,247,707,246,707,245,707,244,707
469,711,468,712,467,712,466,713,465,714,465,715,464,716,464,717,464,718,464,719,465,720,465,721,465,722,466,723,467,724,468,725,469,726,470,726,471,727,472,727,473,727,474,727,475,727,476,727,477,726,478,726,479,725,479,724,480,723,480,722,480,721,481,720,481,719,480,718,480,717,480,716,479,715,478,714,477,713,476,713,475,712,474,712,473,711,472,711,471,711,470,711
727,711,726,712,725,712,724,713,723,714,723,715,722,716,722,717,722,718,722,719,722,720,722,721,722,722,722,723,723,724,723,725,724,726,725,727,726,727,727,727,728,728,729,728,730,727,731,727,732,727,733,726,734,725,735,724,736,723,736,722,736,721,736,720,736,719,736,718,736,717,736,716,735,715,735,714,734,713,733,712,732,712,731,711,730,711,729,711,728,711
249,736,248,737,247,737,246,737,245,738,244,739,243,740,243,741,243,742,243,743,243,744,244,745,244,746,245,747,246,747,247,748,248,748,249,748,250,748,251,747,252,747,253,747,254,746,255,745,256,744,257,743,257,742,258,741,258,740,258,739,257,738,256,737,255,736,254,736,253,736,252,736,251,736,250,736
851,736,850,737,849,737,848,738,848,739,847,740,847,741,847,742,847,743,847,744,847,745,848,746,848,747,849,748,850,749,851,750,852,751,853,751,854,751,855,752,856,752,857,751,858,751,859,751,860,750,861,749,862,748,863,747,863,746,863,745,863,744,863,743,863,742,863,741,863,740,862,739,861,738,860,737,859,737,858,737,857,736,856,736,855,736,854,736,853,736,852,736
576,740,575,741,574,741,573,742,572,743,572,744,571,745,571,746,571,747,571,748,571,749,571,750,572,751,572,752,573,753,574,754,575,755,576,756,577,756,578,757,579,757,580,757,581,757,582,757,583,756,584,756,585,755,586,754,587,753,587,752,587,751,587,750,587,749,587,748,587,747,587,746,586,745,586,744,585,743,584,742,583,741,582,741,581,740,580,740,579,740,578,740,577,740
617,743,616,744,615,745,615,746,614,747,614,748,613,749,613,750,613,751,613,752,613,753,613,754,613,755,613,756,614,757,614,758,615,759,616,760,617,760,618,760,619,760,620,760,621,760,622,760,623,759,624,758,625,757,625,756,626,755,626,754,626,753,626,752,626,751,626,750,626,749,626,748,625,747,625,746,624,745,623,744,622,743,621,743,620,743,619,743,618,743
968,748,967,749,966,749,965,750,964,751,964,752,964,753,964,754,964,755,964,756,964,757,965,758,966,759,967,760,968,761,969,761,970,762,971,762,972,762,973,762,974,761,975,761,976,760,977,759,978,758,978,757,978,756,978,755,978,754,978,753,978,752,977,751,977,750,976,749,975,749,974,748,973,748,972,748,971,748,970,748,969,748
500,765,499,766,498,766,497,766,496,766,495,766,494,767,493,767,492,767,491,768,490,768,489,769,488,770,487,771,487,772,487,773,486,774,486,775,486,776,487,777,487,778,488,779,489,780,490,781,491,781,492,782,493,782,494,782,495,782,496,782,497,782,498,782,499,782,500,782,501,782,502,782,503,783,504,783,505,783,506,783,507,783,508,782,509,782,510,782,511,781,512,780,513,779,514,778,515,777,515,776,515,775,516,774,516,773,516,772,516,771,516,770,515,769,514,768,513,768,512,767,511,767,510,767,509,766,508,766,507,766,506,765,505,765,504,765,503,765,502,765,501,765
775,778,774,779,773,779,772,780,771,781,771,782,770,783,770,784,770,785,769,786,769,787,770,788,770,789,770,790,771,791,772,792,773,793,774,794,775,794,776,795,777,795,778,795,779,795,780,795,781,795,782,795,783,794,784,793,785,792,785,791,786,790,786,789,786,788,786,787,786,786,786,785,786,784,786,783,785,782,785,781,784,780,783,779,782,779,781,778,780,778,779,778,778,778,777,778,776,778
670,786,669,787,668,788,667,789,666,790,666,791,666,792,666,793,666,794,666,795,666,796,666,797,667,798,668,799,668,800,669,801,670,802,671,803,672,803,673,804,674,804,675,804,676,804,677,804,678,804,679,803,680,803,681,802,682,801,682,800,683,799,683,798,683,797,683,796,683,795,682,794,682,793,681,792,681,791,680,790,679,789,678,788,677,787,676,787,675,786,674,786,673,786,672,786,671,786
989,799,988,800,987,800,986,801,985,801,985,802,984,803,983,804,983,805,983,806,983,807,983,808,983,809,984,810,984,811,985,812,986,813,987,813,988,814,989,814,990,814,991,814,992,814,993,814,994,813,995,813,996,812,997,811,998,810,998,809,998,808,998,807,998,806,998,805,998,804,997,803,997,802,996,801,995,801,994,800,993,800,992,799,991,799,990,799
128,830,127,831,126,832,125,833,125,834,124,835,124,836,124,837,124,838,124,839,124,840,125,841,126,842,126,843,127,843,128,844,129,845,130,845,131,845,132,845,133,845,134,845,135,845,136,845,137,844,138,844,138,843,139,842,139,841,140,840,139,839,139,838,139,837,138,836,138,835,137,834,136,833,135,832,134,831,133,831,132,830,131,830,130,830,129,830
394,865,393,866,392,866,392,867,391,868,391,869,390,870,390,871,390,872,390,873,390,874,390,875,390,876,391,877,391,878,392,879,393,880,394,880,395,881,396,881,397,881,398,881,399,880,400,880,401,879,402,878,402,877,403,876,403,875,403,874,403,873,403,872,403,871,403,870,402,869,402,868,401,867,400,866,399,865,398,865,397,865,396,865,395,865
537,871,536,872,535,872,534,873,533,873,532,874,531,875,531,876,530,877,530,878,530,879,530,880,530,881,530,882,530,883,530,884,531,885,532,886,533,887,534,887,535,887,536,887,537,887,538,887,539,886,540,885,541,885,542,884,542,883,543,882,543,881,544,880,544,879,544,878,544,877,544,876,543,875,543,874,542,873,541,872,540,872,539,872,538,871
41,879,40,880,39,881,38,882,37,883,37,884,37,885,37,886,37,887,37,888,37,889,38,890,38,891,39,892,39,893,40,894,41,895,42,895,43,896,44,896,45,896,46,896,47,896,48,896,49,896,50,895,51,895,52,894,53,893,53,892,54,891,54,890,54,889,53,888,54,887,54,886,54,885,53,884,53,883,52,882,51,881,50,880,49,880,48,879,47,879,46,879,45,879,44,879,43,879,42,879
858,886,857,887,856,888,855,889,854,890,854,891,854,892,854,893,854,894,854,895,854,896,855,897,855,898,856,899,857,900,858,901,859,902,860,902,861,902,862,903,863,903,864,903,865,903,866,902,867,902,868,901,869,901,869,900,870,899,871,898,871,897,871,896,871,895,871,894,871,893,871,892,870,891,870,890,869,889,868,888,867,887,866,887,865,886,864,886,863,886,862,886,861,886,860,886,859,886
396,888,395,889,394,889,393,890,392,891,391,892,391,893,390,894,390,895,390,896,390,897,390,898,390,899,390,900,390,901,391,902,391,903,391,904,392,905,392,906,393,906,394,907,395,907,396,908,397,908,398,908,399,908,400,908,401,907,402,907,403,907,404,907,405,906,406,906,407,905,408,904,408,903,409,902,409,901,409,900,410,899,410,898,410,897,410,896,409,895,409,894,409,893,408,892,408,891,407,890,406,889,405,889,404,888,403,888,402,888,401,888,400,888,399,888,398,888,397,888
257,889,256,890,255,890,254,891,253,892,252,893,251,894,251,895,250,896,250,897,249,898,249,899,249,900,249,901,249,902,249,903,249,904,250,905,250,906,251,907,252,908,252,909,253,909,254,910,255,910,256,911,257,911,258,911,259,911,260,911,261,911,262,911,263,910,264,910,265,909,266,908,266,907,267,906,268,905,268,904,269,903,269,902,269,901,269,900,269,899,269,898,269,897,269,896,269,895,268,894,268,893,267,892,266,891,265,890,264,890,263,889,262,889,261,889,260,889,259,889,258,889
129,913,128,914,127,914,126,915,125,916,124,917,124,918,123,919,123,920,123,921,123,922,123,923,123,924,123,925,124,926,124,927,125,928,126,929,127,929,128,930,129,930,130,931,131,931,132,931,133,930,134,930,135,929,136,928,137,927,138,926,138,925,138,924,138,923,138,922,138,921,138,920,137,919,137,918,136,917,136,916,135,915,134,914,133,914,132,913,131,913,130,913
773,929,772,930,771,930,770,930,769,931,768,931,767,932,767,933,766,934,766,935,766,936,766,937,766,938,766,939,767,940,767,941,768,942,769,943,770,944,771,944,772,945,773,945,774,945,775,945,776,945,777,944,778,943,778,942,779,941,779,940,780,939,780,938,780,937,780,936,780,935,779,934,779,933,778,932,777,931,776,930,775,930,774,930
974,931,973,932,972,932,971,933,970,934,969,934,968,935,968,936,967,937,966,938,966,939,966,940,966,941,966,942,967,943,967,944,968,945,969,946,970,946,971,947,972,947,973,947,974,947,975,946,976,946,977,945,978,945,979,944,980,944,981,943,981,942,982,941,983,940,983,939,983,938,983,937,983,936,983,935,982,934,981,933,980,932,979,932,978,931,977,931,976,931,975,931
865,940,864,941,863,941,862,941,861,941,860,942,859,943,858,944,858,945,858,946,858,947,858,948,858,949,859,950,859,951,860,952,861,953,862,953,863,953,864,954,865,954,866,954,867,954,868,954,869,954,870,953,871,953,872,952,873,951,873,950,874,949,874,948,874,947,874,946,874,945,873,944,872,943,871,942,870,941,869,941,868,941,867,940,866,940
280,962,279,963,278,963,277,964,276,964,275,965,274,966,273,967,273,968,272,969,272,970,272,971,272,972,271,973,271,974,272,975,272,976,272,977,273,978,274,979,274,980,275,981,276,981,277,982,278,983,279,984,280,984,281,985,282,985,283,986,284,986,285,986,286,987,287,987,288,986,289,986,290,985,291,985,292,984,292,983,292,982,292,981,291,980,291,979,291,978,291,977,292,976,292,975,292,974,292,973,292,972,293,971,293,970,293,969,294,968,294,967,294,966,294,965,293,965,292,964,291,964,290,963,289,963,288,963,287,962,286,962,285,962,284,962,283,962,282,962,281,962
295,966,295,967,295,968,294,969,294,970,294,971,293,972,293,973,293,974,293,975,293,976,292,977,292,978,292,979,292,980,293,981,293,982,293,983,293,984,294,985,295,986,296,987,297,987,298,987,299,987,300,987,301,987,302,986,303,986,303,985,304,984,304,983,304,982,304,981,304,980,304,979,304,978,304,977,304,976,303,975,303,974,303,973,302,972,302,971,301,970,301,969,300,968,299,968,298,967,297,966,296,966
360,979,359,980,358,980,357,980,356,981,355,981,354,982,353,983,353,984,353,985,352,986,352,987,353,988,353,989,353,990,354,991,355,992,356,993,357,993,358,994,359,994,360,994,361,994,362,994,363,994,364,993,365,993,366,992,367,991,367,990,368,989,368,988,368,987,368,986,368,985,368,984,367,983,367,982,366,981,365,981,364,980,363,980,362,980,361,979
988,1019,987,1020,986,1021,985,1022,986,1022,987,1023,988,1023,989,1023,990,1023,991,1022,992,1022,993,1022,994,1022,995,1022,996,1022,997,1022,998,1022,997,1021,996,1020,995,1020,994,1019,993,1019,992,1019,991,1019,990,1019,989,1019
