553,0,552,1,551,1,551,2,550,3,550,4,550,5,550,6,550,7,550,8,551,9,551,10,552,11,553,12,554,13,555,13,556,14,557,14,558,15,559,15,560,15,561,16,562,16,563,16,564,16,565,16,566,16,567,16,568,15,569,15,570,14,571,14,572,13,573,12,573,11,574,10,574,9,574,8,574,7,574,6,574,5,573,4,573,3,572,2,571,1,570,1,569,1,568,1,567,1,566,0,565,0,564,0,563,0,562,0,561,0,560,0,559,0,558,0,557,0,556,0,555,0,554,0
339,11,338,12,337,13,336,13,335,14,334,14,334,15,333,16,332,17,332,18,332,19,331,20,331,21,331,22,332,23,332,24,332,25,333,26,334,27,335,28,336,29,337,29,338,29,339,29,340,29,341,29,342,29,343,29,344,28,345,28,346,27,347,27,348,26,349,25,350,24,350,23,351,22,351,21,351,20,352,19,352,18,352,17,351,16,351,15,350,14,350,13,349,12,348,12,347,11,346,11,345,11,344,11,343,11,342,11,341,11,340,11
677,23,676,24,675,24,674,24,673,25,672,26,672,27,671,28,671,29,671,30,671,31,671,32,671,33,671,34,672,35,672,36,673,37,674,37,675,38,676,39,677,39,678,39,679,39,680,40,681,40,682,39,683,39,684,39,685,38,686,37,686,36,687,35,687,34,687,33,687,32,687,31,687,30,686,29,686,28,685,27,684,26,683,25,682,25,681,24,680,24,679,24,678,24
563,28,562,29,561,29,560,30,559,31,558,32,558,33,558,34,558,35,558,36,558,37,558,38,559,39,559,40,560,41,561,42,562,43,563,43,564,44,565,44,566,44,567,44,568,44,569,43,570,43,571,42,572,41,572,40,573,39,573,38,573,37,573,36,572,35,572,34,572,33,571,32,570,31,569,30,568,30,567,29,566,29,565,28,564,28
192,34,191,35,190,35,189,36,188,37,187,38,187,39,186,40,186,41,185,42,185,43,186,44,186,45,186,46,187,47,188,48,189,49,190,49,191,50,192,50,193,50,194,50,195,50,196,49,197,49,198,48,199,47,200,46,200,45,200,44,200,43,200,42,200,41,200,40,200,39,200,38,199,37,198,36,197,35,196,34,195,34,194,34,193,34
380,38,379,39,378,39,377,39,376,40,375,41,374,42,374,43,373,44,373,45,374,46,374,47,375,48,375,49,376,49,377,50,378,50,379,51,380,51,381,51,382,51,383,50,384,50,385,49,386,48,387,47,387,46,387,45,387,44,387,43,387,42,387,41,386,40,385,39,384,39,383,39,382,38,381,38
139,59,138,60,137,60,136,61,135,62,135,63,134,64,134,65,134,66,134,67,134,68,134,69,134,70,135,71,135,72,136,73,137,74,138,75,139,75,140,76,141,76,142,76,143,76,144,76,145,75,146,75,147,74,148,73,148,72,148,71,148,70,148,69,148,68,148,67,148,66,148,65,147,64,146,63,146,62,145,61,144,61,143,60,142,60,141,59,140,59
484,71,483,72,482,73,481,74,480,75,480,76,480,77,480,78,480,79,480,80,481,81,481,82,482,83,483,83,484,84,485,84,486,84,487,84,488,84,489,84,490,84,491,84,492,83,493,82,494,82,495,81,495,80,496,79,496,78,496,77,496,76,495,75,495,74,494,73,493,72,492,72,491,71,490,71,489,71,488,71,487,71,486,71,485,71
761,77,760,78,759,78,758,78,757,79,756,80,755,81,755,82,755,83,754,84,754,85,754,86,755,87,755,88,755,89,756,90,757,91,758,92,759,92,760,93,761,93,762,93,763,93,764,93,765,92,766,92,767,91,768,90,769,89,769,88,769,87,770,86,770,85,770,84,769,83,769,82,769,81,768,80,767,79,766,78,765,78,764,77,763,77,762,77
175,80,174,81,173,82,172,83,171,84,171,85,170,86,170,87,170,88,170,89,171,90,171,91,172,92,172,93,173,93,174,94,175,95,176,95,177,96,178,96,179,96,180,96,181,96,182,96,183,95,184,95,185,94,186,94,187,93,187,92,188,91,188,90,188,89,188,88,188,87,188,86,187,85,187,84,186,83,185,83,184,82,183,81,182,81,181,81,180,80,179,80,178,80,177,80,176,80
412,82,411,83,410,83,409,83,408,83,407,84,406,84,406,85,405,86,404,87,404,88,404,89,404,90,404,91,404,92,404,93,404,94,405,95,406,96,407,97,408,98,409,98,410,98,411,99,412,99,413,99,414,99,415,99,416,98,417,98,418,98,419,97,420,97,421,96,421,95,422,94,422,93,422,92,423,91,422,90,422,89,422,88,421,87,420,86,420,85,419,85,418,84,417,84,416,83,415,83,414,83,413,83
571,84,570,85,569,86,568,87,568,88,567,89,567,90,567,91,567,92,568,93,568,94,569,95,570,95,571,96,572,96,573,96,574,96,575,96,576,95,577,95,578,95,579,94,580,93,580,92,581,91,581,90,581,89,581,88,580,87,580,86,579,85,578,84,577,84,576,84,575,84,574,84,573,84,572,84
661,104,660,105,659,105,658,105,657,106,656,106,655,107,654,108,654,109,653,110,653,111,652,112,652,113,652,114,653,115,653,116,653,117,654,118,654,119,655,120,655,121,656,122,657,123,658,124,659,124,660,125,661,125,662,126,663,126,664,126,665,126,666,126,667,126,668,126,669,125,670,125,671,124,672,123,672,122,673,121,673,120,673,119,673,118,673,117,673,116,672,115,672,114,672,113,672,112,671,111,671,110,670,109,669,108,668,107,667,106,666,106,665,105,664,105,663,105,662,104
1016,116,1015,117,1014,118,1013,118,1013,119,1012,120,1011,121,1011,122,1011,123,1011,124,1011,125,1011,126,1011,127,1012,128,1012,129,1013,130,1014,131,1015,132,1016,132,1017,132,1018,132,1019,132,1020,132,1021,132,1022,131,1022,130,1023,129,1023,128,1023,127,1023,126,1023,125,1022,124,1023,123,1023,122,1023,121,1023,120,1023,119,1023,118,1022,117,1021,116,1020,116,1019,116,1018,116,1017,116
896,119,895,120,894,120,893,120,892,121,891,121,891,122,890,123,889,124,889,125,889,126,889,127,889,128,889,129,889,130,889,131,890,132,891,133,891,134,892,134,893,135,894,136,895,136,896,136,897,137,898,137,899,137,900,137,901,137,902,136,903,136,904,135,905,134,906,133,906,132,906,131,907,130,907,129,906,128,906,127,906,126,905,125,904,124,904,123,903,122,902,121,901,121,900,120,899,120,898,120,897,120
788,121,787,122,786,123,785,124,784,125,784,126,784,127,784,128,783,129,784,130,784,131,784,132,785,133,786,134,787,134,788,135,789,135,790,135,791,135,792,135,793,135,794,134,795,134,796,134,797,133,798,132,799,132,799,131,800,130,800,129,801,128,801,127,801,126,800,125,800,124,799,123,798,122,797,122,796,121,795,121,794,121,793,121,792,121,791,121,790,121,789,121
547,141,546,142,545,142,544,143,543,144,542,145,542,146,542,147,541,148,541,149,542,150,542,151,542,152,543,153,544,154,545,155,546,155,547,156,548,156,549,156,550,156,551,155,552,155,553,154,554,153,555,152,555,151,556,150,556,149,556,148,556,147,556,146,555,145,555,144,554,143,554,142,553,142,552,141,551,141,550,141,549,141,548,141
940,159,939,160,938,160,937,161,936,162,935,163,935,164,935,165,935,166,935,167,935,168,935,169,935,170,936,171,937,172,938,173,939,173,940,173,941,173,942,173,943,173,944,173,945,173,946,173,947,172,948,171,949,170,949,169,950,168,950,167,950,166,950,165,950,164,949,163,949,162,948,161,948,160,947,160,946,159,945,159,944,159,943,159,942,159,941,159
789,165,788,166,787,166,786,167,785,167,784,168,784,169,783,170,783,171,782,172,782,173,782,174,782,175,783,176,783,177,784,178,784,179,785,180,786,180,787,181,788,181,789,181,790,181,791,181,792,181,793,181,794,180,795,180,796,179,797,178,797,177,798,176,798,175,798,174,798,173,798,172,798,171,797,170,797,169,796,168,796,167,795,167,794,166,793,166,792,165,791,165,790,165
710,166,709,167,708,168,707,169,706,170,706,171,706,172,705,173,705,174,705,175,706,176,706,177,706,178,707,179,707,180,708,181,709,182,710,182,711,183,712,183,713,183,714,183,715,183,716,182,717,182,718,181,719,181,719,180,720,179,721,178,721,177,721,176,721,175,721,174,721,173,721,172,720,171,720,170,719,169,719,168,718,167,717,167,716,166,715,166,714,166,713,166,712,166,711,166
358,197,357,198,356,198,355,199,354,200,354,201,354,202,353,203,353,204,353,205,354,206,354,207,355,208,356,208,357,209,358,210,359,210,360,210,361,210,362,210,363,210,364,210,365,210,366,209,367,208,368,207,369,206,369,205,369,204,369,203,369,202,369,201,368,200,368,199,367,198,366,198,365,197,364,197,363,197,362,197,361,197,360,197,359,197
731,198,730,199,729,200,728,201,727,202,727,203,727,204,727,205,727,206,727,207,728,208,728,209,729,210,729,211,730,212,731,213,732,213,733,214,734,214,735,214,736,214,737,214,738,214,739,213,740,213,741,212,742,211,742,210,743,209,743,208,743,207,743,206,743,205,743,204,742,203,741,202,741,201,740,200,739,200,738,199,737,199,736,198,735,198,734,198,733,198,732,198
190,202,189,203,188,203,187,203,186,204,185,204,184,205,184,206,183,207,183,208,182,209,182,210,182,211,182,212,182,213,182,214,182,215,183,216,183,217,184,218,185,219,185,220,186,220,187,221,188,221,189,222,190,223,191,223,192,223,193,223,194,223,195,223,196,222,197,221,198,220,198,219,198,218,199,217,199,216,199,215,199,214,199,213,199,212,199,211,199,210,199,209,198,208,198,207,197,206,197,205,196,204,195,203,194,203,193,203,192,202,191,202
829,216,828,217,827,217,826,217,825,218,825,219,824,220,824,221,823,222,823,223,823,224,823,225,823,226,823,227,823,228,823,229,823,230,824,231,824,232,825,233,826,234,827,234,828,235,829,235,830,235,831,235,832,234,833,234,834,233,835,232,836,231,836,230,837,229,837,228,837,227,837,226,837,225,837,224,837,223,837,222,836,221,836,220,835,219,834,218,833,217,832,217,831,217,830,216
236,218,235,219,234,219,233,220,232,220,231,221,230,222,229,223,229,224,229,225,229,226,229,227,230,228,230,229,231,229,232,230,233,230,234,231,235,231,236,231,237,230,238,230,239,230,240,229,241,228,242,227,243,226,243,225,243,224,243,223,243,222,242,221,242,220,241,220,240,219,239,219,238,218,237,218
662,239,661,240,660,240,659,241,658,241,657,242,656,243,656,244,656,245,656,246,656,247,656,248,657,249,658,250,659,251,660,251,661,251,662,251,663,251,664,251,665,251,666,251,667,250,668,249,668,248,669,247,669,246,668,245,669,244,669,243,668,242,667,241,667,240,666,240,665,239,664,239,663,239
836,254,835,255,834,256,833,257,832,258,832,259,831,260,831,261,831,262,831,263,832,264,832,265,833,266,833,267,834,267,835,268,836,268,837,268,838,268,839,268,840,268,841,268,842,267,843,266,844,265,845,264,845,263,846,262,846,261,846,260,846,259,846,258,846,257,845,256,844,255,843,254,842,254,841,254,840,254,839,254,838,254,837,254
512,257,511,258,510,258,509,259,508,260,507,261,506,262,506,263,506,264,505,265,505,266,505,267,505,268,506,269,506,270,506,271,507,272,508,273,509,273,510,274,511,274,512,274,513,274,514,274,515,274,516,273,517,273,518,272,519,271,519,270,520,269,520,268,521,267,521,266,521,265,521,264,521,263,521,262,520,261,520,260,519,259,518,258,517,258,516,257,515,257,514,257,513,257
938,262,937,263,936,263,935,263,934,264,933,265,932,266,931,267,931,268,930,269,930,270,930,271,930,272,931,273,931,274,932,275,933,276,934,276,935,276,936,277,937,277,938,277,939,277,940,277,941,276,942,276,943,275,944,275,945,274,946,273,946,272,947,271,947,270,947,269,947,268,947,267,946,266,945,265,945,264,944,263,943,263,942,263,941,262,940,262,939,262
60,268,59,269,58,269,57,269,56,270,55,271,55,272,54,273,54,274,54,275,54,276,54,277,54,278,54,279,55,280,55,281,56,282,57,283,58,284,59,285,60,285,61,286,62,286,63,286,64,286,65,286,66,286,67,285,68,285,69,284,70,283,70,282,71,281,71,280,71,279,70,278,70,277,70,276,69,275,69,274,68,273,68,272,67,271,66,270,65,269,64,269,63,269,62,268,61,268
619,268,618,269,617,269,616,269,615,270,614,271,613,272,612,273,612,274,612,275,612,276,612,277,612,278,612,279,613,280,614,281,615,282,616,282,617,283,618,283,619,283,620,284,621,284,622,284,623,284,624,284,625,283,626,283,627,282,628,282,629,281,629,280,630,279,630,278,630,277,630,276,630,275,630,274,629,273,628,272,628,271,627,271,626,270,625,269,624,269,623,269,622,269,621,268,620,268
824,294,823,295,822,295,821,296,820,297,819,298,819,299,818,300,818,301,818,302,818,303,818,304,819,305,819,306,820,307,821,307,822,308,823,308,824,308,825,308,826,308,827,308,828,307,829,306,830,305,831,304,831,303,831,302,830,301,831,300,831,299,831,298,830,297,829,296,828,295,827,295,826,294,825,294
1019,294,1018,295,1017,296,1016,297,1015,298,1015,299,1014,300,1014,301,1014,302,1014,303,1014,304,1015,305,1015,306,1016,307,1017,308,1018,308,1019,308,1020,309,1021,309,1022,308,1023,307,1023,306,1023,305,1023,304,1023,303,1023,302,1023,301,1023,300,1023,299,1023,298,1023,297,1023,296,1023,295,1023,294,1022,294,1021,294,1020,294
172,312,171,313,170,313,169,314,168,315,168,316,168,317,167,318,168,319,168,320,168,321,169,322,170,323,171,324,172,324,173,325,174,325,175,325,176,325,177,325,178,325,179,325,180,324,181,323,182,322,183,321,183,320,183,319,183,318,183,317,182,316,182,315,181,314,180,313,179,313,178,313,177,312,176,312,175,312,174,312,173,312
551,326,550,327,549,327,548,328,547,329,547,330,546,331,546,332,546,333,546,334,547,335,547,336,548,337,549,338,550,339,551,340,552,340,553,340,554,340,555,341,556,340,557,340,558,340,559,340,560,339,561,338,562,337,562,336,563,335,563,334,563,333,563,332,562,331,562,330,561,329,560,328,559,327,558,326,557,326,556,326,555,326,554,326,553,326,552,326
1014,342,1013,343,1012,343,1011,344,1011,345,1010,346,1010,347,1009,348,1009,349,1009,350,1009,351,1010,352,1010,353,1011,354,1012,355,1013,356,1014,356,1015,357,1016,357,1017,357,1018,357,1019,357,1020,356,1021,356,1022,355,1022,354,1023,353,1023,352,1023,351,1023,350,1023,349,1023,348,1023,347,1023,346,1023,345,1022,344,1021,343,1020,343,1019,342,1018,342,1017,342,1016,342,1015,342
966,353,965,354,964,354,963,355,962,356,962,357,961,358,961,359,961,360,961,361,961,362,962,363,962,364,963,365,964,366,965,366,966,366,967,367,968,367,969,367,970,367,971,367,972,367,973,366,974,366,975,366,976,365,977,364,978,363,978,362,978,361,978,360,978,359,978,358,978,357,977,356,976,355,975,354,974,353,973,353,972,353,971,353,970,353,969,353,968,353,967,353
755,370,754,371,753,371,752,372,751,372,750,373,750,374,749,375,749,376,748,377,748,378,748,379,748,380,748,381,748,382,748,383,749,384,750,385,751,385,752,386,753,386,754,386,755,386,756,386,757,386,758,386,759,385,760,384,761,384,761,383,762,382,762,381,763,380,763,379,763,378,763,377,763,376,762,375,762,374,761,373,760,372,759,371,758,371,757,370,756,370
90,374,89,375,88,375,87,376,87,377,86,378,86,379,86,380,86,381,86,382,86,383,87,384,87,385,88,385,89,386,90,387,91,387,92,387,93,387,94,388,95,388,96,388,97,388,98,387,99,387,100,387,101,386,102,385,103,384,103,383,103,382,103,381,103,380,103,379,102,378,102,377,101,376,100,375,99,375,98,374,97,374,96,374,95,374,94,374,93,374,92,374,91,374
11,407,10,408,9,409,8,410,7,411,7,412,6,413,6,414,6,415,7,416,7,417,8,418,9,419,10,420,11,421,12,421,13,421,14,421,15,421,16,421,17,421,18,421,19,420,20,419,21,418,22,417,22,416,22,415,22,414,22,413,22,412,22,411,21,410,20,409,19,408,18,407,17,407,16,407,15,407,14,407,13,407,12,407
579,407,578,408,577,408,576,408,575,409,574,410,573,411,572,412,572,413,572,414,571,415,571,416,571,417,571,418,571,419,572,420,573,421,574,422,575,423,576,423,577,424,578,424,579,424,580,424,581,423,582,423,583,423,584,422,585,421,586,420,587,419,587,418,587,417,587,416,587,415,587,414,587,413,587,412,586,411,586,410,585,409,584,408,583,408,582,407,581,407,580,407
106,414,105,415,104,415,103,415,102,416,102,417,102,418,102,419,102,420,103,421,104,422,104,423,105,424,106,425,107,426,108,427,109,427,110,428,111,428,112,428,113,428,114,428,115,427,116,427,117,426,117,425,118,424,118,423,117,422,117,421,116,420,116,419,115,418,114,417,113,417,112,416,111,416,110,415,109,415,108,415,107,414
363,439,362,440,361,441,360,442,359,443,359,444,359,445,358,446,358,447,359,448,359,449,359,450,360,451,361,452,362,452,363,452,364,453,365,453,366,452,367,452,368,452,369,451,370,450,371,449,372,448,372,447,372,446,372,445,372,444,372,443,371,442,371,441,370,440,369,440,368,439,367,439,366,439,365,439,364,439
471,448,470,449,469,449,468,449,467,449,466,450,465,451,464,452,463,453,463,454,462,455,462,456,462,457,462,458,463,459,463,460,464,461,465,462,466,462,467,463,468,463,469,463,470,463,471,463,472,463,473,462,474,462,475,461,476,460,477,459,478,458,478,457,479,456,478,455,479,454,478,453,478,452,477,451,477,450,476,450,475,449,474,449,473,448,472,448
610,450,609,451,608,451,607,452,606,453,605,454,605,455,604,456,603,457,603,458,603,459,603,460,603,461,603,462,604,463,605,464,606,464,607,465,608,465,609,465,610,465,611,465,612,465,613,465,614,465,615,465,616,464,617,464,618,463,618,462,619,461,620,460,620,459,620,458,620,457,620,456,620,455,619,454,619,453,618,452,617,451,616,451,615,450,614,450,613,450,612,450,611,450
948,460,947,461,946,461,945,462,944,463,943,464,943,465,943,466,943,467,943,468,944,469,944,470,944,471,945,472,945,473,946,474,947,475,948,476,949,476,950,476,951,477,952,477,953,477,954,476,955,476,956,476,957,475,957,474,958,473,958,472,958,471,958,470,958,469,958,468,958,467,957,466,957,465,956,464,955,463,954,462,953,461,952,461,951,460,950,460,949,460
124,473,123,474,122,474,121,475,120,475,120,476,119,477,118,478,118,479,118,480,118,481,118,482,118,483,118,484,119,485,119,486,120,487,121,488,122,488,123,489,124,489,125,489,126,489,127,489,128,489,129,488,130,488,131,487,132,486,132,485,132,484,133,483,133,482,133,481,132,480,132,479,132,478,131,477,131,476,130,475,129,475,128,474,127,474,126,473,125,473
661,475,660,476,659,476,658,477,658,478,657,479,657,480,656,481,656,482,656,483,657,484,657,485,657,486,658,487,658,488,659,489,660,490,661,490,662,490,663,491,664,491,665,491,666,490,667,490,668,490,669,489,670,488,671,487,672,486,672,485,672,484,672,483,672,482,672,481,672,480,671,479,671,478,670,477,669,476,668,476,667,475,666,475,665,475,664,475,663,475,662,475
1015,511,1014,512,1013,512,1012,513,1011,514,1011,515,1011,516,1011,517,1011,518,1011,519,1012,520,1013,521,1014,522,1015,522,1016,523,1017,523,1018,523,1019,523,1020,522,1021,522,1022,521,1022,520,1023,519,1023,518,1023,517,1023,516,1023,515,1023,514,1023,513,1022,512,1021,511,1020,511,1019,511,1018,511,1017,511,1016,511
1,515,1,516,0,517,0,518,0,519,0,520,0,521,0,522,0,523,0,524,0,525,0,526,0,527,0,528,0,529,0,530,0,531,1,531,2,532,3,532,4,531,5,531,6,530,7,530,8,529,8,528,9,527,9,526,9,525,10,524,10,523,9,522,9,521,9,520,9,519,8,518,7,517,6,516,5,516,4,515,3,515,2,515
589,542,588,543,587,543,586,543,585,544,584,545,583,546,582,547,582,548,581,549,581,550,581,551,581,552,582,553,582,554,583,555,583,556,584,556,585,557,586,557,587,558,588,558,589,558,590,558,591,558,592,557,593,557,594,556,594,555,595,554,595,553,596,552,596,551,596,550,596,549,596,548,596,547,595,546,595,545,594,544,593,544,592,543,591,543,590,542
551,547,550,548,549,549,548,550,548,551,547,552,547,553,546,554,546,555,545,556,545,557,545,558,544,559,544,560,544,561,544,562,544,563,545,564,545,565,546,566,547,567,548,567,549,567,550,568,551,568,552,568,553,568,554,568,555,568,556,567,557,567,558,567,559,566,560,565,561,564,562,564,563,563,564,562,565,561,566,560,566,559,566,558,566,557,566,556,566,555,566,554,565,553,564,552,564,551,563,550,562,549,561,549,560,548,559,548,558,548,557,547,556,547,555,547,554,547,553,547,552,547
292,549,291,550,290,550,289,551,288,552,287,553,287,554,286,555,286,556,286,557,286,558,287,559,287,560,288,561,289,562,290,563,291,563,292,563,293,564,294,564,295,563,296,563,297,563,298,562,299,562,300,561,300,560,301,559,301,558,302,557,302,556,302,555,301,554,301,553,301,552,300,551,299,550,298,549,297,549,296,549,295,549,294,549,293,549
177,571,176,572,175,572,174,573,173,573,173,574,172,575,172,576,171,577,171,578,171,579,171,580,172,581,172,582,173,583,174,584,175,585,176,585,177,585,178,585,179,585,180,585,181,585,182,584,183,584,184,583,185,582,186,581,186,580,187,579,187,578,187,577,186,576,186,575,185,574,185,573,184,573,183,572,182,572,181,571,180,571,179,571,178,571
420,572,419,573,418,573,417,574,416,575,415,576,415,577,415,578,415,579,415,580,415,581,415,582,415,583,416,584,416,585,417,586,418,587,419,588,420,588,421,589,422,589,423,589,424,589,425,589,426,589,427,588,428,587,429,587,430,586,430,585,431,584,431,583,431,582,431,581,431,580,431,579,430,578,430,577,429,576,428,575,427,574,426,573,425,573,424,572,423,572,422,572,421,572
677,573,676,574,675,575,674,575,674,576,673,577,673,578,672,579,672,580,672,581,673,582,673,583,674,584,675,584,676,585,677,585,678,585,679,586,680,586,681,586,682,586,683,586,684,586,685,585,686,584,687,583,687,582,688,581,688,580,688,579,688,578,687,577,686,576,686,575,685,575,684,574,683,574,682,573,681,573,680,573,679,573,678,573
694,613,693,614,692,614,691,615,690,616,690,617,689,618,689,619,689,620,689,621,689,622,689,623,689,624,690,625,691,626,692,627,693,628,694,628,695,628,696,628,697,628,698,628,699,628,700,627,701,626,702,625,703,624,703,623,703,622,704,621,704,620,703,619,703,618,703,617,702,616,701,615,700,614,699,614,698,613,697,613,696,613,695,613
476,620,475,621,474,621,473,622,472,623,471,624,471,625,470,626,470,627,470,628,470,629,470,630,470,631,471,632,471,633,472,634,473,635,474,636,475,636,476,637,477,637,478,637,479,637,480,636,481,636,482,635,483,634,483,633,484,632,484,631,484,630,485,629,485,628,485,627,485,626,484,625,484,624,484,623,483,622,482,621,481,621,480,620,479,620,478,620,477,620
744,628,743,629,742,629,741,630,740,630,739,631,738,632,737,633,736,634,736,635,735,636,735,637,735,638,735,639,735,640,735,641,735,642,735,643,736,644,737,645,738,646,739,646,740,647,741,647,742,648,743,648,744,648,745,648,746,648,747,647,748,647,749,646,750,645,751,644,752,643,752,642,753,641,753,640,753,639,753,638,753,637,753,636,753,635,753,634,753,633,752,632,752,631,751,630,750,629,749,629,748,628,747,628,746,628,745,628
414,636,413,637,412,637,411,638,411,639,410,640,409,641,409,642,409,643,409,644,409,645,409,646,410,647,411,648,412,649,413,650,414,650,415,651,416,651,417,651,418,651,419,651,420,651,421,651,422,650,423,650,423,649,424,648,425,647,425,646,425,645,426,644,426,643,426,642,425,641,425,640,424,639,423,638,422,637,421,636,420,636,419,636,418,636,417,636,416,636,415,636
1001,653,1000,654,999,654,999,655,998,656,998,657,997,658,997,659,997,660,997,661,997,662,997,663,998,664,998,665,999,666,1000,667,1001,667,1002,668,1003,668,1004,669,1005,669,1006,669,1007,669,1008,668,1009,668,1010,667,1011,666,1012,665,1012,664,1012,663,1012,662,1012,661,1012,660,1012,659,1012,658,1011,657,1010,656,1010,655,1009,654,1008,654,1007,653,1006,653,1005,653,1004,653,1003,653,1002,653
936,670,935,671,934,671,933,672,932,672,931,673,930,674,930,675,929,676,929,677,929,678,929,679,929,680,929,681,929,682,930,683,930,684,931,685,932,685,933,686,934,686,935,686,936,686,937,686,938,686,939,685,940,685,941,684,942,683,942,682,943,681,943,680,944,679,944,678,944,677,944,676,943,675,943,674,943,673,942,672,941,671,940,671,939,670,938,670,937,670
573,672,572,673,571,674,570,675,570,676,570,677,570,678,570,679,570,680,570,681,570,682,570,683,571,684,572,685,573,685,574,686,575,686,576,686,577,686,578,686,579,686,580,685,581,685,582,684,583,683,584,682,584,681,584,680,584,679,584,678,584,677,584,676,583,675,582,674,581,673,580,673,579,672,578,672,577,672,576,672,575,672,574,672
655,674,654,675,653,675,652,676,651,676,650,677,650,678,649,679,648,680,648,681,648,682,648,683,649,684,649,685,650,686,651,687,652,687,653,688,654,688,655,688,656,689,657,689,658,688,659,688,660,688,661,687,662,686,663,685,663,684,664,683,664,682,664,681,664,680,663,679,663,678,662,677,661,676,660,675,659,675,658,675,657,674,656,674
13,688,12,689,11,689,10,690,9,691,8,692,7,693,7,694,6,695,6,696,6,697,6,698,6,699,7,700,7,701,8,702,9,703,10,703,11,703,12,703,13,703,14,703,15,703,16,703,17,702,18,702,19,701,20,700,21,699,21,698,22,697,22,696,22,695,22,694,22,693,21,692,21,691,20,690,19,689,18,689,17,688,16,688,15,688,14,688
397,688,396,689,395,689,394,689,393,690,392,691,392,692,391,693,391,694,391,695,391,696,391,697,392,698,393,699,394,700,395,701,396,701,397,701,398,701,399,701,400,701,401,700,402,700,403,699,403,698,404,697,404,696,404,695,404,694,404,693,404,692,403,691,403,690,402,689,401,689,400,689,399,688,398,688
468,692,467,693,466,693,465,693,464,694,464,695,463,696,463,697,463,698,463,699,463,700,463,701,463,702,463,703,464,704,464,705,465,706,465,707,466,708,467,709,468,709,469,710,470,710,471,710,472,710,473,710,474,709,475,709,476,708,477,707,477,706,477,705,478,704,478,703,478,702,477,701,477,700,477,699,476,698,476,697,475,696,474,695,473,694,472,693,471,693,470,693,469,692
828,716,827,717,826,717,825,717,824,718,824,719,823,720,823,721,823,722,823,723,823,724,824,725,824,726,824,727,824,728,825,729,826,730,827,731,828,732,829,732,830,732,831,733,832,733,833,733,834,732,835,732,836,732,837,731,838,731,839,730,839,729,840,728,840,727,840,726,840,725,840,724,840,723,839,722,839,721,838,720,838,719,837,718,836,717,835,717,834,716,833,716,832,716,831,716,830,716,829,716
235,760,234,761,233,761,232,762,232,763,231,764,231,765,230,766,230,767,230,768,231,769,231,770,231,771,232,772,233,773,234,774,235,774,236,774,237,775,238,775,239,774,240,774,241,773,242,772,243,771,243,770,244,769,244,768,244,767,244,766,244,765,244,764,244,763,243,762,242,761,241,760,240,760,239,760,238,760,237,760,236,760
821,763,820,764,819,764,818,765,818,766,817,767,817,768,816,769,817,770,816,771,817,772,817,773,817,774,818,775,819,776,820,776,821,777,822,777,823,778,824,778,825,778,826,778,827,777,828,777,829,777,830,776,831,775,832,774,832,773,833,772,833,771,833,770,833,769,832,768,832,767,831,766,831,765,830,765,829,764,828,764,827,764,826,763,825,763,824,763,823,763,822,763
135,774,134,775,133,775,132,775,131,776,130,776,129,777,129,778,128,779,128,780,128,781,128,782,128,783,128,784,129,785,129,786,130,787,131,787,132,788,133,788,134,788,135,788,136,788,137,788,138,788,139,787,140,787,141,786,142,785,143,784,143,783,143,782,144,781,143,780,143,779,143,778,142,777,142,776,141,776,140,775,139,775,138,775,137,774,136,774
603,806,602,807,601,808,600,809,600,810,599,811,599,812,599,813,599,814,600,815,600,816,601,817,602,818,603,819,604,820,605,820,606,820,607,820,608,820,609,820,610,820,611,820,612,819,613,819,614,818,614,817,615,816,615,815,615,814,615,813,614,812,614,811,613,810,613,809,612,808,611,807,610,807,609,806,608,806,607,806,606,806,605,806,604,806
1020,854,1019,855,1018,855,1017,856,1017,857,1016,858,1016,859,1015,860,1015,861,1015,862,1015,863,1016,864,1016,865,1016,866,1017,867,1018,868,1019,868,1020,869,1021,869,1022,869,1022,868,1023,867,1023,866,1023,865,1023,864,1023,863,1023,862,1023,861,1023,860,1023,859,1023,858,1023,857,1023,856,1023,855,1022,854,1021,854
585,856,584,857,583,857,583,858,582,859,582,860,582,861,582,862,582,863,582,864,582,865,582,866,582,867,583,868,584,869,585,870,586,871,587,872,588,872,589,872,590,872,591,872,592,872,593,872,594,871,595,870,596,869,596,868,597,867,597,866,597,865,597,864,597,863,596,862,596,861,595,860,594,859,594,858,593,858,592,857,591,856,590,856,589,856,588,856,587,856,586,856
967,862,966,863,965,863,964,864,963,865,963,866,963,867,963,868,963,869,963,870,963,871,963,872,964,873,965,874,966,875,967,875,968,875,969,876,970,875,971,875,972,875,973,874,974,873,975,872,975,871,976,870,976,869,976,868,976,867,976,866,975,865,975,864,974,863,973,862,972,862,971,862,970,862,969,862,968,862
324,872,323,873,322,873,321,873,320,874,319,875,319,876,318,877,318,878,318,879,319,880,319,881,320,882,320,883,321,884,322,884,323,885,324,886,325,886,326,886,327,886,328,886,329,886,330,886,331,886,332,885,333,884,333,883,334,882,334,881,334,880,334,879,334,878,333,877,333,876,332,875,331,874,330,873,329,873,328,873,327,872,326,872,325,872
373,915,372,916,371,916,370,916,369,916,368,917,367,918,366,919,365,920,365,921,365,922,365,923,365,924,366,925,366,926,367,926,368,927,369,927,370,928,371,928,372,928,373,929,374,929,375,929,376,929,377,929,378,929,379,928,380,928,381,927,381,926,381,925,382,924,382,923,382,922,381,921,381,920,380,919,380,918,379,917,378,917,377,916,376,916,375,916,374,915
999,933,998,934,997,934,996,935,995,935,995,936,994,937,994,938,993,939,993,940,993,941,993,942,994,943,994,944,995,945,996,946,997,946,998,947,999,947,1000,947,1001,947,1002,947,1003,947,1004,947,1005,946,1006,945,1007,944,1008,943,1008,942,1008,941,1008,940,1008,939,1008,938,1008,937,1007,936,1006,935,1005,934,1004,934,1003,934,1002,933,1001,933,1000,933
604,960,603,961,602,961,601,962,601,963,600,964,600,965,600,966,600,967,599,968,600,969,600,970,600,971,600,972,601,973,601,974,602,975,603,975,604,976,605,976,606,976,607,975,608,975,609,974,610,973,611,972,611,971,612,970,612,969,612,968,612,967,612,966,612,965,612,964,611,963,610,962,609,961,608,961,607,960,606,960,605,960
181,966,180,967,179,967,178,968,177,969,176,970,175,971,175,972,174,973,174,974,174,975,174,976,174,977,175,978,176,979,176,980,177,980,178,981,179,981,180,981,181,982,182,982,183,982,184,981,185,981,186,981,187,980,188,979,189,978,190,977,191,976,191,975,191,974,191,973,191,972,191,971,191,970,191,969,190,968,189,967,188,967,187,966,186,966,185,966,184,966,183,966,182,966
874,970,873,971,872,971,871,971,870,971,869,972,868,972,867,973,866,974,865,975,865,976,864,977,864,978,864,979,864,980,864,981,864,982,864,983,865,984,865,985,866,985,867,986,868,986,869,987,870,987,871,987,872,987,873,986,874,986,875,986,876,986,877,985,878,985,879,984,880,984,881,983,881,982,882,981,882,980,882,979,882,978,882,977,882,976,882,975,881,974,880,973,879,972,878,971,877,971,876,971,875,971
409,997,408,998,407,998,406,999,405,999,404,1000,404,1001,403,1002,403,1003,403,1004,402,1005,403,1006,403,1007,403,1008,403,1009,404,1010,405,1011,406,1012,407,1012,408,1012,409,1013,410,1013,411,1012,412,1012,413,1012,414,1011,415,1011,416,1010,417,1009,417,1008,418,1007,418,1006,418,1005,418,1004,418,1003,418,1002,417,1001,417,1000,416,999,415,998,414,998,413,997,412,997,411,997,410,997
982,1008,981,1009,980,1009,979,1009,978,1009,977,1010,976,1011,975,1012,975,1013,974,1014,974,1015,974,1016,974,1017,974,1018,975,1019,975,1020,976,1021,977,1022,978,1022,979,1022,980,1022,981,1023,982,1023,983,1023,984,1022,985,1022,986,1022,987,1021,988,1021,988,1020,989,1019,989,1018,990,1017,990,1016,990,1015,990,1014,990,1013,989,1012,989,1011,988,1010,987,1010,986,1009,985,1009,984,1008,983,1008
