296,0,295,1,294,1,293,2,293,3,293,4,293,5,293,6,293,7,293,8,294,9,294,10,295,11,296,12,297,12,298,12,299,12,300,12,301,12,302,12,303,11,304,10,305,9,305,8,305,7,305,6,305,5,305,4,305,3,304,2,304,1,303,1,302,0,301,0,300,0,299,0,298,0,297,0
483,0,482,1,482,2,482,3,483,4,484,4,485,5,486,5,487,5,488,5,489,5,490,5,491,5,492,5,493,5,494,4,495,4,496,4,497,3,498,2,499,1,498,1,497,0,496,0,495,0,494,0,493,0,492,0,491,0,490,0,489,0,488,0,487,0,486,0,485,0,484,0
872,0,871,1,871,2,871,3,871,4,871,5,871,6,872,7,872,8,873,9,874,10,875,11,876,12,877,12,878,12,879,12,880,12,881,12,882,12,883,13,883,14,884,14,885,14,886,13,885,12,885,11,886,10,886,9,886,8,887,7,887,6,887,5,887,4,887,3,886,2,886,1,885,1,884,0,883,0,882,0,881,0,880,0,879,0,878,0,877,0,876,0,875,0,874,0,873,0
201,22,200,23,199,23,198,24,197,24,196,25,196,26,195,27,195,28,194,29,194,30,194,31,194,32,194,33,195,34,196,35,197,36,198,36,199,36,200,37,201,36,202,36,203,36,204,36,205,35,206,34,207,34,207,33,208,32,208,31,209,30,209,29,209,28,209,27,208,26,207,25,207,24,206,24,205,23,204,23,203,23,202,22
556,22,555,23,554,23,553,24,552,25,551,26,551,27,551,28,551,29,551,30,552,31,553,32,554,33,555,34,556,34,557,34,558,34,559,34,560,34,561,34,562,33,563,33,564,32,564,31,565,30,565,29,565,28,565,27,565,26,565,25,564,24,563,23,562,22,561,22,560,22,559,22,558,22,557,22
389,34,388,35,387,35,386,35,385,35,384,35,383,36,382,37,381,37,380,38,379,39,379,40,378,41,378,42,378,43,378,44,378,45,378,46,378,47,379,48,379,49,380,50,381,51,382,51,383,52,384,52,385,52,386,52,387,52,388,52,389,52,390,52,391,51,392,51,393,50,394,49,394,48,394,47,395,46,395,45,395,44,395,43,395,42,396,41,396,40,397,39,398,39,399,38,399,37,398,38,397,39,396,39,395,39,394,38,394,37,394,36,393,36,392,35,391,35,390,34
410,35,409,36,409,37,409,38,408,39,408,40,408,41,408,42,408,43,409,44,409,45,410,46,411,47,411,48,412,49,413,49,414,50,415,50,416,50,417,50,418,50,419,50,420,49,421,49,422,48,423,47,424,46,424,45,424,44,424,43,423,42,424,41,424,40,424,39,423,38,422,37,421,36,420,36,419,35,418,35,417,35,416,35,415,35,414,35,413,35,412,35,411,35
341,38,340,39,339,39,338,40,337,41,336,42,336,43,336,44,337,45,337,46,338,47,339,48,340,49,341,50,342,50,343,50,344,50,345,49,346,49,347,48,348,47,348,46,348,45,349,44,348,43,348,42,348,41,347,40,346,40,345,39,344,39,343,39,342,38
20,41,19,42,18,43,17,43,17,44,16,45,16,46,16,47,16,48,16,49,16,50,17,51,18,52,19,52,20,53,21,53,22,54,23,54,24,54,25,54,26,54,27,54,28,53,29,52,29,51,30,50,30,49,30,48,30,47,30,46,29,45,29,44,28,43,27,42,26,41,25,41,24,41,23,41,22,41,21,41
501,43,500,44,499,44,498,45,497,46,496,47,496,48,495,49,495,50,495,51,495,52,495,53,495,54,495,55,495,56,495,57,496,58,497,59,498,60,499,61,500,61,501,61,502,61,503,61,504,61,505,61,506,61,507,60,508,59,509,58,509,57,509,56,510,55,510,54,510,53,509,52,510,51,510,50,510,49,509,48,509,47,508,46,507,45,506,44,505,44,504,43,503,43,502,43
215,54,214,55,213,55,212,56,211,57,211,58,210,59,210,60,210,61,210,62,210,63,211,64,212,65,213,66,214,67,215,68,216,68,217,68,218,68,219,68,220,68,221,68,222,67,223,66,223,65,224,64,224,63,224,62,224,61,224,60,223,59,223,58,222,57,222,56,221,55,220,55,219,54,218,54,217,54,216,54
781,75,780,76,779,76,778,77,777,78,777,79,776,80,776,81,776,82,776,83,776,84,776,85,777,86,778,87,779,88,780,88,781,88,782,87,783,87,784,87,785,86,786,85,787,84,787,83,788,82,788,81,788,80,788,79,788,78,787,77,786,76,785,75,784,75,783,75,782,75
648,78,647,79,646,79,645,80,644,80,643,81,642,82,642,83,641,84,641,85,640,86,640,87,640,88,640,89,641,90,641,91,642,92,643,93,644,94,645,94,646,95,647,95,648,94,649,94,650,94,651,93,652,92,653,91,654,90,655,89,655,88,656,87,655,87,654,86,655,85,656,85,656,84,656,83,655,82,655,81,654,80,653,79,652,78,651,78,650,78,649,78
37,79,36,80,35,81,34,82,34,83,34,84,34,85,35,86,35,87,36,88,37,89,38,89,39,90,40,90,41,90,42,90,43,90,44,89,45,88,46,87,46,86,46,85,46,84,46,83,45,82,44,81,43,81,42,80,41,80,40,79,39,79,38,79
247,83,246,84,245,85,244,86,244,87,244,88,244,89,244,90,244,91,244,92,245,93,246,94,247,95,248,95,249,96,250,96,251,96,252,96,253,96,254,96,255,95,256,94,257,93,257,92,257,91,258,90,257,89,257,88,257,87,256,86,255,85,254,84,253,84,252,83,251,83,250,83,249,83,248,83
388,83,387,84,386,85,386,86,386,87,385,88,385,89,385,90,385,91,386,92,386,93,386,94,387,95,388,96,389,97,390,97,391,98,392,98,393,98,394,98,395,98,396,98,397,97,398,96,399,95,400,94,400,93,400,92,401,91,401,90,401,89,401,88,400,87,400,86,399,86,398,85,397,85,396,84,395,83,394,83,393,83,392,83,391,83,390,83,389,83
723,90,722,91,721,91,720,92,719,93,719,94,719,95,718,96,718,97,718,98,719,99,719,100,719,101,720,102,721,103,722,104,723,105,724,105,725,105,726,106,727,106,728,106,729,105,730,105,731,104,732,103,732,102,733,101,733,100,733,99,733,98,733,97,733,96,732,95,732,94,731,93,730,92,729,91,728,90,727,90,726,90,725,90,724,90
505,92,504,93,503,94,502,95,502,96,502,97,502,98,502,99,502,100,503,101,503,102,504,103,505,104,506,104,507,104,508,104,509,104,510,104,511,103,512,103,513,102,513,101,513,100,513,99,513,98,513,97,513,96,512,95,512,94,511,93,510,93,509,92,508,92,507,92,506,92
312,105,311,106,310,107,310,108,310,109,310,110,311,111,311,112,312,113,313,114,314,115,315,116,316,116,317,116,318,116,319,116,320,116,321,115,322,115,323,114,324,113,325,112,326,111,326,110,326,109,326,108,325,107,324,106,323,106,322,106,321,105,320,105,319,105,318,105,317,105,316,105,315,105,314,105,313,105
965,109,964,110,963,110,962,111,962,112,961,113,961,114,960,115,960,116,961,117,960,118,960,119,960,120,961,121,961,122,962,123,963,124,964,124,965,124,966,125,967,125,968,125,969,124,970,124,971,123,972,123,973,122,973,121,974,120,974,119,974,118,975,117,975,116,975,115,974,114,974,113,973,112,973,111,972,110,971,110,970,109,969,109,968,109,967,109,966,109
263,111,262,112,261,112,260,113,259,114,258,115,258,116,258,117,258,118,258,119,258,120,258,121,259,122,259,123,260,124,261,125,262,125,263,126,264,126,265,126,266,126,267,126,268,126,269,126,270,125,270,124,271,123,271,122,272,121,272,120,272,119,272,118,272,117,272,116,271,115,270,114,269,113,268,112,267,112,266,112,265,111,264,111
371,114,370,115,369,116,369,117,368,118,368,119,368,120,367,121,367,122,367,123,367,124,367,125,368,126,369,127,370,127,371,127,372,127,373,127,374,126,375,126,376,125,377,124,378,123,378,122,379,121,379,120,379,119,379,118,379,117,378,116,378,115,377,115,376,114,375,114,374,114,373,114,372,114
620,121,619,122,618,122,617,123,616,124,615,125,615,126,615,127,614,128,614,129,614,130,614,131,614,132,614,133,615,134,615,135,616,136,617,137,618,137,619,138,620,138,621,138,622,138,623,138,624,137,625,137,626,136,627,136,628,135,629,134,629,133,630,132,630,131,630,130,630,129,630,128,630,127,630,126,630,125,629,124,628,123,627,122,626,121,625,121,624,121,623,121,622,121,621,121
494,124,493,125,492,125,491,126,490,127,490,128,489,129,489,130,489,131,489,132,489,133,489,134,489,135,490,136,491,137,491,138,492,139,493,139,494,140,495,141,496,141,497,141,498,141,499,141,500,141,501,141,502,140,503,140,504,140,505,139,506,138,507,137,507,136,507,135,507,134,507,133,507,132,506,131,506,130,505,129,504,128,504,127,503,126,502,125,501,125,500,124,499,124,498,124,497,124,496,124,495,124
745,144,744,145,743,146,743,147,742,148,742,149,742,150,742,151,742,152,743,153,744,154,745,154,746,155,747,155,748,156,749,156,750,156,751,156,752,156,753,155,754,155,755,155,756,154,757,153,757,152,758,151,758,150,758,149,757,148,757,147,756,146,755,145,754,144,753,144,752,144,751,144,750,144,749,144,748,144,747,144,746,144
377,150,376,151,375,152,374,153,373,154,373,155,372,156,372,157,372,158,372,159,372,160,372,161,373,162,373,163,374,164,375,165,376,166,377,166,378,167,379,167,380,167,381,166,382,166,383,166,384,165,385,165,386,164,386,163,387,162,387,161,387,160,387,159,387,158,387,157,387,156,387,155,387,154,386,153,385,152,384,151,383,150,382,150,381,150,380,150,379,150,378,150
742,153,741,154,740,154,739,154,738,154,737,154,736,155,735,155,734,156,733,157,733,158,732,159,732,160,731,161,731,162,731,163,731,164,731,165,731,166,731,167,731,168,732,169,733,170,733,171,734,172,735,172,736,173,737,174,738,174,739,174,740,174,741,174,742,174,743,174,744,174,745,174,746,173,747,172,748,172,749,171,749,170,750,169,750,168,751,167,751,166,751,165,751,164,751,163,751,162,750,161,750,160,749,159,749,158,749,157,748,157,747,156,746,156,745,155,744,155,743,154
552,158,551,159,550,159,549,160,548,161,548,162,547,163,547,164,546,165,546,166,546,167,546,168,546,169,546,170,547,171,548,172,549,173,550,173,551,174,552,174,553,174,554,174,555,174,556,173,557,173,558,172,559,171,560,170,560,169,561,168,561,167,561,166,561,165,561,164,561,163,561,162,561,161,560,160,559,159,558,158,557,158,556,158,555,158,554,158,553,158
189,160,188,161,187,162,186,163,186,164,185,165,185,166,184,167,184,168,184,169,184,170,184,171,184,172,185,173,186,174,187,175,188,175,189,176,190,176,191,176,192,175,193,175,194,174,195,174,195,173,196,172,197,171,197,170,198,169,198,168,198,167,198,166,198,165,198,164,197,163,197,162,196,161,195,160,194,160,193,160,192,160,191,160,190,160
59,161,58,162,57,162,56,163,55,164,54,164,54,165,53,166,52,167,52,168,52,169,52,170,52,171,52,172,52,173,52,174,52,175,53,176,53,177,54,178,55,179,56,180,57,181,58,181,59,182,60,182,61,182,62,182,63,182,64,182,65,181,66,181,67,180,68,180,69,179,69,178,70,177,71,176,71,175,72,174,72,173,72,172,72,171,72,170,72,169,72,168,72,167,71,166,71,165,70,164,69,163,68,162,67,161,66,161,65,161,64,161,63,161,62,161,61,161,60,161
385,166,384,167,383,167,382,167,381,167,380,168,379,168,378,168,377,169,376,170,375,171,375,172,374,173,374,174,373,175,373,176,373,177,373,178,373,179,374,180,374,181,375,182,375,183,376,184,377,184,378,185,379,186,380,186,381,186,382,186,383,186,384,186,385,186,386,186,387,186,388,185,389,185,390,184,391,183,391,182,392,181,392,180,393,179,393,178,393,177,393,176,393,175,393,174,393,173,392,172,392,171,391,170,390,169,389,168,388,168,387,167,386,167
225,183,224,184,223,185,222,186,222,187,222,188,221,189,222,190,222,191,222,192,223,193,223,194,224,195,225,196,226,196,227,197,228,197,229,197,230,197,231,197,232,197,233,197,234,196,235,196,236,195,236,194,237,193,237,192,237,191,237,190,237,189,236,188,236,187,235,186,234,185,233,184,232,184,231,183,230,183,229,183,228,183,227,183,226,183
438,190,437,191,436,192,435,193,434,194,434,195,433,196,433,197,433,198,434,199,434,200,434,201,435,202,436,203,437,203,438,204,439,204,440,205,441,205,442,205,443,205,444,205,445,205,446,205,447,204,448,204,449,203,450,202,451,201,451,200,451,199,451,198,451,197,451,196,451,195,450,194,450,193,449,192,448,192,447,191,446,190,445,190,444,190,443,190,442,190,441,190,440,190,439,190
669,201,668,202,667,202,666,203,666,204,665,205,665,206,665,207,664,208,665,209,665,210,665,211,665,212,666,213,667,214,668,215,669,215,670,215,671,216,672,216,673,215,674,215,675,214,676,214,677,213,677,212,678,211,679,210,679,209,679,208,679,207,679,206,679,205,679,204,678,203,677,202,676,201,675,201,674,201,673,201,672,201,671,201,670,201
3,206,2,207,1,207,1,208,0,209,0,210,0,211,0,212,0,213,0,214,0,215,0,216,0,217,1,218,1,219,2,220,3,220,4,220,5,220,6,220,7,219,8,219,9,218,10,217,11,216,11,215,11,214,11,213,11,212,11,211,11,210,11,209,10,208,9,207,8,207,7,206,6,206,5,206,4,206
505,207,504,208,503,208,502,209,501,210,500,211,500,212,500,213,499,214,499,215,499,216,499,217,499,218,500,219,500,220,500,221,501,222,502,223,503,224,504,225,505,226,506,226,507,226,508,226,509,226,510,226,511,226,512,225,513,225,514,224,514,223,515,222,515,221,515,220,516,219,516,218,516,217,516,216,516,215,515,214,515,213,515,212,514,211,514,210,513,209,512,209,511,208,510,208,509,207,508,207,507,207,506,207
246,222,245,223,244,223,243,224,242,225,242,226,241,227,241,228,240,229,240,230,240,231,240,232,240,233,240,234,240,235,241,236,242,237,243,237,244,237,245,237,246,237,247,237,248,237,249,238,250,238,251,238,252,238,253,239,254,239,255,240,256,240,257,240,258,241,259,241,260,242,261,242,262,242,263,243,264,243,265,243,266,243,265,242,265,241,265,240,264,239,263,238,263,237,263,236,262,235,262,234,262,233,261,232,261,231,260,230,260,229,259,228,259,227,258,226,257,226,256,225,255,224,254,223,253,223,252,222,251,222,250,222,249,222,248,222,247,222
152,232,151,233,150,233,149,234,148,235,147,236,147,237,146,238,146,239,146,240,146,241,146,242,147,243,147,244,148,245,149,245,150,246,151,246,152,246,153,246,154,246,155,245,156,245,157,244,158,244,159,243,160,242,160,241,161,240,161,239,161,238,161,237,161,236,161,235,161,234,160,233,159,233,158,232,157,232,156,232,155,232,154,232,153,232
656,233,655,234,654,234,653,234,652,235,651,236,651,237,651,238,650,239,650,240,650,241,651,242,651,243,652,244,652,245,653,245,654,246,655,246,656,247,657,247,658,247,659,246,660,246,661,245,662,244,663,243,663,242,663,241,664,240,664,239,663,238,663,237,663,236,662,235,661,234,660,234,659,233,658,233,657,233
718,234,717,235,716,235,715,236,714,237,713,238,712,239,712,240,711,241,711,242,711,243,711,244,712,245,712,246,713,247,714,248,715,249,716,249,717,250,718,250,719,250,720,250,721,249,722,249,723,248,724,247,724,246,725,245,725,244,726,243,726,242,727,241,727,240,727,239,726,238,726,237,725,236,724,235,723,235,722,234,721,234,720,234,719,234
242,238,241,239,241,240,240,241,240,242,239,243,239,244,239,245,239,246,239,247,239,248,240,249,240,250,241,251,241,252,242,253,243,254,244,255,245,256,246,257,247,257,248,258,249,258,250,258,251,258,252,258,253,258,254,258,255,259,256,259,257,258,258,258,259,257,260,256,261,255,261,254,262,253,263,252,264,251,265,250,265,249,266,248,266,247,266,246,266,245,266,244,265,244,264,244,263,244,262,243,261,243,260,243,259,242,258,242,257,241,256,241,255,241,254,240,253,240,252,240,251,239,250,239,249,239,248,238,247,238,246,238,245,238,244,238,243,238
335,242,334,243,333,243,332,244,331,245,331,246,330,247,330,248,329,249,329,250,329,251,329,252,329,253,330,254,330,255,331,256,331,257,332,257,333,258,334,259,335,259,336,259,337,259,338,259,339,259,340,258,341,258,342,257,343,256,344,255,344,254,344,253,345,252,345,251,345,250,345,249,345,248,345,247,344,246,343,245,342,244,342,243,341,243,340,242,339,242,338,242,337,242,336,242
524,248,523,249,522,249,521,249,520,250,519,251,518,252,517,253,517,254,517,255,516,256,517,257,517,258,517,259,517,260,518,261,518,262,519,263,520,263,521,264,522,264,523,264,524,265,525,265,526,265,527,265,528,265,529,265,530,265,531,265,532,265,533,265,534,265,535,265,536,265,537,264,538,263,539,262,540,261,540,260,540,259,539,258,539,257,539,256,538,255,538,254,537,253,536,252,535,251,534,251,533,250,532,250,531,249,530,249,529,249,528,249,527,248,526,248,525,248
788,253,787,254,786,254,785,255,784,256,784,257,783,258,783,259,783,260,783,261,783,262,783,263,784,264,785,265,786,266,787,266,788,266,789,266,790,266,791,266,792,265,793,265,794,264,794,263,795,262,795,261,795,260,795,259,795,258,795,257,794,256,794,255,793,254,792,254,791,253,790,253,789,253
418,254,417,255,416,255,415,255,414,256,413,257,412,258,411,259,411,260,410,261,410,262,410,263,410,264,410,265,410,266,410,267,411,268,412,269,413,270,414,270,415,271,416,271,417,271,418,271,419,270,420,270,421,269,421,268,422,267,423,266,423,265,423,264,424,263,424,262,424,261,424,260,424,259,424,258,423,257,423,256,422,256,421,255,420,255,419,254
610,255,609,256,608,256,608,257,607,258,606,259,606,260,606,261,606,262,605,263,606,264,606,265,606,266,607,267,608,268,609,269,610,269,611,270,612,270,613,270,614,270,615,269,616,269,617,269,618,268,619,267,620,266,620,265,621,264,621,263,621,262,621,261,621,260,620,259,620,258,619,257,618,256,617,256,616,255,615,255,614,255,613,255,612,255,611,255
887,256,886,257,885,258,884,259,883,260,883,261,882,262,882,263,882,264,881,265,881,266,881,267,881,268,882,269,882,270,882,271,883,272,884,273,885,273,886,274,887,274,888,274,889,274,890,274,891,274,892,273,893,272,894,272,894,271,895,270,895,269,896,268,896,267,896,266,897,265,897,264,897,263,897,262,897,261,897,260,897,259,896,258,895,257,894,257,893,256,892,256,891,256,890,256,889,256,888,256
86,259,85,260,84,260,83,261,82,262,82,263,81,264,81,265,81,266,81,267,81,268,81,269,81,270,81,271,82,272,83,273,84,274,85,274,86,274,87,274,88,274,89,274,90,273,91,273,92,272,92,271,93,270,93,269,93,268,94,267,94,266,94,265,94,264,93,263,93,262,92,261,92,260,91,260,90,259,89,259,88,259,87,259
250,278,249,279,248,279,247,279,246,279,245,280,244,281,243,282,242,283,242,284,242,285,242,286,242,287,242,288,242,289,242,290,243,291,243,292,244,293,244,294,245,294,246,295,247,295,248,296,249,296,250,297,251,297,252,297,253,297,254,297,255,297,256,297,257,297,258,298,259,298,260,298,261,298,262,299,263,300,264,301,265,301,266,301,267,301,268,300,269,300,270,299,270,298,271,297,271,296,272,295,271,294,271,293,270,293,269,292,268,292,267,292,266,292,265,291,264,291,263,290,263,289,262,288,262,287,262,286,262,285,261,284,260,283,260,282,259,281,258,280,257,280,256,280,255,279,254,279,253,279,252,279,251,278
588,293,587,294,586,294,585,295,584,296,584,297,584,298,584,299,584,300,584,301,584,302,585,303,585,304,586,305,587,305,588,306,589,306,590,307,591,307,592,307,593,307,594,307,595,307,596,306,597,306,598,306,599,305,600,305,601,304,601,303,600,302,600,301,600,300,599,299,599,298,598,297,597,296,596,295,595,295,594,294,593,294,592,293,591,293,590,293,589,293
301,296,300,297,299,297,298,298,297,299,297,300,296,301,296,302,296,303,296,304,295,305,295,306,295,307,295,308,295,309,295,310,295,311,295,312,295,313,296,314,296,315,297,316,298,317,299,318,300,319,301,319,302,320,303,320,304,321,305,321,306,322,307,322,308,323,309,323,310,323,311,323,312,323,313,323,314,323,315,323,316,323,317,322,318,322,319,321,320,320,321,319,321,318,322,317,322,316,322,315,322,314,322,313,322,312,322,311,321,310,321,309,320,308,319,307,318,306,317,305,316,304,315,303,314,302,313,301,312,300,311,299,310,298,309,298,308,297,307,297,306,296,305,296,304,296,303,296,302,296
494,297,493,298,492,298,491,299,491,300,490,301,490,302,489,303,489,304,489,305,489,306,489,307,489,308,490,309,490,310,491,311,492,312,493,312,494,313,495,313,496,313,497,313,498,313,499,312,500,312,501,312,502,311,503,310,503,309,504,308,504,307,505,306,505,305,505,304,505,303,504,302,504,301,503,300,502,299,501,298,500,297,499,297,498,297,497,297,496,297,495,297
157,304,156,305,155,305,154,306,153,306,152,307,152,308,151,309,151,310,150,311,150,312,150,313,151,314,151,315,151,316,152,317,153,318,154,318,155,319,156,319,157,319,158,319,159,319,160,319,161,318,162,318,163,317,164,316,164,315,165,314,165,313,165,312,165,311,165,310,165,309,165,308,164,307,163,306,163,305,162,305,161,304,160,304,159,304,158,304
822,311,821,312,820,312,819,313,818,314,817,315,817,316,817,317,816,318,816,319,817,320,817,321,817,322,818,323,819,324,820,324,821,325,822,325,823,325,824,325,825,325,826,325,827,325,828,324,829,324,830,323,831,322,831,321,832,320,832,319,832,318,832,317,832,316,831,315,831,314,830,313,829,312,828,312,827,311,826,311,825,311,824,311,823,311
583,312,582,313,581,313,580,314,580,315,579,316,579,317,579,318,579,319,579,320,579,321,580,322,580,323,581,324,582,325,583,325,584,326,585,326,586,326,587,326,588,326,589,325,590,325,591,324,592,323,593,322,593,321,593,320,593,319,593,318,593,317,593,316,592,315,591,314,590,313,589,312,588,312,587,312,586,312,585,312,584,312
252,321,251,322,250,322,249,323,248,324,247,324,246,325,246,326,245,327,244,328,244,329,243,330,243,331,242,332,242,333,242,334,242,335,243,336,243,337,243,338,244,339,245,340,246,341,247,341,248,341,249,342,250,342,251,342,252,342,253,342,254,342,255,341,256,341,257,341,258,341,259,340,260,340,261,339,262,339,263,338,264,337,265,336,266,335,266,334,267,333,267,332,267,331,267,330,267,329,267,328,267,327,266,326,266,325,265,324,264,323,263,322,262,321,261,321,260,321,259,321,258,321,257,321,256,321,255,321,254,321,253,321
974,330,973,331,972,332,972,333,972,334,971,335,971,336,971,337,971,338,971,339,972,340,972,341,972,342,973,343,974,344,975,345,976,345,977,346,978,346,979,346,980,346,981,345,982,344,983,343,984,342,984,341,985,340,985,339,985,338,985,337,985,336,985,335,984,334,983,333,983,332,982,331,981,331,980,330,979,330,978,330,977,330,976,330,975,330
748,334,747,335,746,335,745,336,744,337,743,338,743,339,742,340,742,341,742,342,742,343,743,344,743,345,744,346,745,347,746,347,747,347,748,347,749,347,750,346,751,345,752,344,753,343,754,342,754,341,754,340,754,339,754,338,753,337,753,336,752,335,751,335,750,334,749,334
583,348,582,349,581,349,580,350,579,350,578,351,577,352,576,353,576,354,576,355,575,356,575,357,575,358,575,359,576,360,576,361,577,362,578,363,579,363,580,363,581,363,582,363,583,362,584,362,585,361,586,360,586,359,587,358,588,357,588,356,588,355,589,354,589,353,589,352,588,351,588,350,587,349,586,349,585,348,584,348
933,351,932,352,931,352,930,352,929,353,928,354,927,355,927,356,927,357,927,358,927,359,927,360,928,361,928,362,929,363,930,364,931,365,932,365,933,366,934,366,935,366,936,366,937,366,938,366,939,366,940,366,941,365,942,365,943,364,944,363,944,362,944,361,944,360,944,359,944,358,944,357,943,356,943,355,942,354,941,354,940,353,939,352,938,352,937,352,936,351,935,351,934,351
179,354,178,355,177,355,176,356,175,357,174,358,173,359,173,360,172,361,172,362,171,363,171,364,170,365,170,366,170,367,170,368,169,369,169,370,169,371,169,372,169,373,169,374,170,375,170,376,171,377,171,378,172,379,173,380,173,381,174,382,175,383,176,384,177,384,178,385,179,386,180,386,181,387,182,387,183,387,184,386,185,386,186,385,187,385,188,384,189,384,189,383,190,382,190,381,191,380,191,379,191,378,192,377,192,376,192,375,193,374,193,373,193,372,193,371,193,370,194,369,194,368,194,367,194,366,194,365,194,364,193,363,193,362,193,361,192,360,191,359,190,358,190,357,189,356,188,355,187,355,186,354,185,354,184,354,183,354,182,354,181,354,180,354
149,355,148,356,147,356,146,357,145,358,144,359,143,360,143,361,143,362,143,363,143,364,143,365,143,366,144,367,145,368,146,369,147,369,148,369,149,369,150,369,151,369,152,369,153,368,154,367,155,367,156,366,156,365,157,364,157,363,158,362,158,361,157,360,157,359,157,358,156,357,155,356,154,356,153,355,152,355,151,355,150,355
67,360,66,361,65,362,64,363,63,364,63,365,63,366,63,367,63,368,63,369,63,370,64,371,64,372,65,373,66,373,67,374,68,374,69,374,70,375,71,375,72,374,73,374,74,374,75,373,76,373,77,372,78,371,78,370,78,369,78,368,78,367,78,366,78,365,77,364,77,363,76,362,75,361,74,361,73,360,72,360,71,360,70,360,69,360,68,360
360,365,359,366,358,367,357,367,356,368,355,369,355,370,355,371,354,372,354,373,354,374,355,375,355,376,355,377,356,378,357,379,358,380,359,380,360,380,361,381,362,381,363,381,364,380,365,380,366,380,367,379,368,378,369,378,369,377,370,376,371,375,371,374,371,373,371,372,371,371,371,370,371,369,370,368,370,367,369,366,368,366,367,365,366,365,365,365,364,365,363,365,362,365,361,365
639,366,638,367,637,368,636,369,636,370,636,371,636,372,636,373,636,374,637,375,637,376,638,377,639,378,640,379,641,379,642,379,643,379,644,378,645,378,645,377,646,376,646,375,646,374,647,373,647,372,646,371,646,370,646,369,645,368,645,367,644,367,643,366,642,366,641,366,640,366
224,367,223,368,222,369,221,370,221,371,220,372,220,373,220,374,220,375,220,376,220,377,221,378,221,379,222,380,223,381,224,381,225,382,226,382,227,382,228,382,229,382,230,382,231,382,232,381,233,381,234,380,235,379,235,378,235,377,235,376,236,375,236,374,235,373,235,372,235,371,234,370,233,369,232,368,231,368,230,367,229,367,228,367,227,367,226,367,225,367
42,380,41,381,40,381,39,381,38,381,37,382,36,382,35,383,34,383,33,384,32,384,31,385,30,386,30,387,29,388,29,389,29,390,28,391,28,392,28,393,27,394,27,395,27,396,28,397,28,398,28,399,29,400,29,401,30,402,31,403,32,404,33,404,34,405,35,405,36,406,37,406,38,406,39,406,40,406,41,406,42,406,43,406,44,405,45,404,46,404,47,403,48,402,49,401,50,400,51,399,51,398,52,397,52,396,52,395,53,394,53,393,53,392,53,391,53,390,53,389,52,388,52,387,52,386,51,385,50,384,50,383,49,382,48,381,47,381,46,381,45,380,44,380,43,380
556,388,555,389,554,389,553,390,552,391,551,392,551,393,551,394,550,395,550,396,550,397,550,398,550,399,551,400,551,401,552,402,552,403,553,404,554,404,555,405,556,405,557,405,558,405,559,405,560,404,561,404,562,403,563,402,564,401,564,400,564,399,565,398,565,397,565,396,564,395,564,394,564,393,563,392,563,391,562,390,561,389,560,389,559,388,558,388,557,388
486,398,485,399,484,399,483,400,482,401,481,402,481,403,481,404,480,405,480,406,480,407,480,408,481,409,481,410,482,411,483,412,484,413,485,413,486,414,487,414,488,414,489,414,490,413,491,413,492,412,493,411,494,410,494,409,495,408,495,407,495,406,495,405,494,404,494,403,494,402,493,401,492,400,491,399,490,399,489,398,488,398,487,398
434,413,433,414,432,414,431,415,430,415,430,416,429,417,429,418,429,419,429,420,429,421,429,422,429,423,430,424,430,425,431,426,432,427,433,428,434,428,435,429,436,429,437,428,438,428,439,428,440,427,441,426,441,425,442,424,442,423,442,422,442,421,442,420,442,419,442,418,441,417,441,416,440,415,439,414,438,414,437,414,436,413,435,413
992,415,991,416,990,416,989,417,988,418,987,419,987,420,986,421,986,422,986,423,986,424,987,425,987,426,988,427,989,428,990,429,991,429,992,429,993,429,994,429,995,429,996,429,997,428,998,428,999,427,999,426,1000,425,1000,424,1000,423,1001,422,1000,421,1000,420,1000,419,999,418,999,417,998,416,997,416,996,416,995,415,994,415,993,415
196,419,195,420,194,420,193,421,192,421,191,421,190,422,189,422,188,422,187,423,186,424,185,424,185,425,184,426,183,427,183,428,183,429,183,430,183,431,183,432,183,433,183,434,184,435,184,436,185,437,186,438,187,439,188,439,189,439,190,440,191,440,192,440,193,440,194,440,195,440,196,440,197,441,198,441,199,441,200,441,201,441,202,441,203,441,204,441,205,441,206,442,207,442,208,442,209,442,210,443,211,443,212,443,213,443,214,443,215,443,216,443,217,442,218,441,219,440,219,439,220,438,220,437,220,436,220,435,220,434,220,433,219,432,219,431,218,430,218,429,217,428,216,427,215,426,214,425,213,425,212,424,211,424,210,423,209,423,208,422,207,422,206,422,205,421,204,421,203,421,202,420,201,420,200,419,199,419,198,419,197,419
918,425,917,426,916,426,915,427,914,428,913,429,913,430,912,431,912,432,912,433,912,434,913,435,913,436,914,437,915,438,916,439,917,439,918,440,919,440,920,440,921,440,922,440,923,440,924,440,925,439,926,439,927,438,928,437,928,436,929,435,929,434,929,433,929,432,929,431,928,430,928,429,927,428,926,427,925,427,924,426,923,426,922,426,921,425,920,425,919,425
615,433,614,434,613,434,612,435,611,436,610,437,610,438,609,439,609,440,609,441,608,442,608,443,608,444,608,445,608,446,609,447,609,448,610,449,611,450,612,451,613,451,614,452,615,452,616,452,617,451,618,451,619,450,620,450,621,449,621,448,622,447,622,446,623,445,623,444,623,443,623,442,623,441,623,440,623,439,623,438,623,437,623,436,622,435,621,434,620,433,619,433,618,433,617,433,616,433
666,442,665,443,664,443,663,444,662,444,661,445,660,446,659,447,658,448,658,449,657,450,657,451,657,452,657,453,657,454,657,455,657,456,657,457,658,458,659,459,660,460,660,461,661,462,662,462,663,463,664,464,665,465,666,465,667,466,668,467,669,468,670,468,671,469,672,469,673,469,674,470,675,470,676,470,677,470,678,470,679,469,680,469,681,469,682,468,683,467,684,466,684,465,685,464,685,463,685,462,685,461,685,460,685,459,685,458,685,457,685,456,684,455,683,454,683,453,682,452,681,451,680,450,679,449,678,448,678,447,677,446,676,445,675,444,674,443,673,443,672,442,671,442,670,442,669,442,668,442,667,442
357,454,356,455,355,455,354,456,354,457,353,458,353,459,353,460,353,461,353,462,353,463,354,464,354,465,355,466,356,466,357,467,358,467,359,468,360,468,361,468,362,467,363,467,364,466,365,466,366,465,366,464,367,463,367,462,367,461,367,460,367,459,366,458,366,457,365,456,364,455,363,455,362,454,361,454,360,454,359,454,358,454
567,459,566,460,565,460,564,460,563,461,562,461,561,462,561,463,560,464,560,465,560,466,560,467,560,468,560,469,561,470,561,471,562,472,563,473,564,474,565,474,566,475,567,475,568,475,569,475,570,475,571,475,572,474,573,474,574,473,575,472,575,471,576,470,576,469,576,468,576,467,576,466,576,465,575,464,575,463,574,462,573,461,572,460,571,460,570,460,569,459,568,459
296,463,295,464,294,464,293,465,292,466,291,466,291,467,290,468,290,469,290,470,290,471,290,472,291,473,292,474,293,474,294,475,295,476,296,476,297,476,298,476,299,476,300,476,301,476,302,476,303,476,304,475,305,474,306,473,307,472,307,471,307,470,307,469,307,468,307,467,306,466,305,465,304,464,303,463,302,463,301,463,300,463,299,463,298,463,297,463
196,483,195,484,194,484,193,484,192,485,191,486,191,487,190,488,190,489,190,490,190,491,190,492,190,493,190,494,191,495,192,496,193,496,194,497,195,497,196,497,197,497,198,497,199,496,200,495,201,495,201,494,202,493,203,492,203,491,203,490,203,489,203,488,202,487,202,486,201,485,200,484,199,484,198,484,197,483
189,496,188,497,187,497,186,498,185,499,185,500,184,501,184,502,183,503,183,504,183,505,184,506,184,507,184,508,184,509,184,510,184,511,185,512,185,513,186,513,187,514,188,514,189,513,190,513,191,513,192,512,193,512,194,511,195,511,196,510,197,509,197,508,198,507,198,506,198,505,198,504,198,503,198,502,198,501,197,500,197,499,197,498,196,498,195,498,194,498,193,497,192,497,191,496,190,496
433,498,432,499,431,499,430,499,429,500,428,501,428,502,427,503,427,504,427,505,427,506,428,507,427,508,427,509,427,510,427,511,428,512,428,513,429,514,430,515,431,515,432,516,433,516,434,516,435,516,436,516,437,515,438,515,439,514,440,513,440,512,441,511,441,510,441,509,441,508,441,507,441,506,441,505,441,504,440,503,440,502,439,501,438,500,437,499,436,499,435,499,434,498
252,499,251,500,250,500,249,501,248,501,247,502,246,503,246,504,245,505,244,506,244,507,244,508,244,509,244,510,245,511,246,512,247,513,248,513,249,513,250,513,251,513,252,513,253,512,254,512,255,511,255,510,256,509,256,508,256,507,257,506,257,505,257,504,256,503,256,502,256,501,255,500,254,500,253,499
588,503,587,504,586,505,586,506,585,507,585,508,585,509,585,510,585,511,585,512,585,513,585,514,585,515,585,516,585,517,586,518,587,519,587,520,588,521,589,521,590,522,591,522,592,522,593,522,594,522,595,522,596,521,597,520,598,519,599,518,600,517,601,516,601,515,602,514,602,513,602,512,602,511,602,510,602,509,601,508,601,507,600,506,600,505,599,505,598,504,597,503,596,503,595,503,594,503,593,503,592,503,591,503,590,503,589,503
160,519,159,520,158,520,157,521,156,522,156,523,155,524,155,525,154,526,154,527,154,528,154,529,154,530,155,531,155,532,155,533,156,534,157,535,158,536,159,537,160,537,161,537,162,537,163,537,164,537,165,537,166,536,167,536,168,535,169,534,170,533,170,532,171,531,171,530,171,529,171,528,171,527,171,526,171,525,170,524,170,523,169,522,168,521,167,520,166,520,165,520,164,519,163,519,162,519,161,519
105,523,104,524,103,525,102,526,102,527,102,528,102,529,102,530,102,531,103,532,103,533,104,534,105,535,106,536,107,536,108,537,109,538,110,538,111,538,112,538,113,538,114,538,115,538,116,537,117,536,118,535,118,534,119,533,119,532,118,531,119,530,119,529,118,528,118,527,117,526,116,525,115,525,114,524,113,524,112,523,111,523,110,523,109,523,108,523,107,523,106,523
531,523,530,524,529,524,528,524,527,525,526,525,525,526,524,526,523,527,522,527,521,528,520,529,520,530,519,531,519,532,519,533,519,534,519,535,519,536,519,537,519,538,520,539,521,540,521,541,522,541,523,542,524,542,525,543,526,543,527,543,528,543,529,542,530,542,531,542,532,541,533,541,534,540,535,540,536,539,537,538,538,538,539,537,540,536,541,535,542,534,543,533,543,532,543,531,544,530,544,529,543,528,543,527,543,526,542,525,541,524,540,524,539,523,538,523,537,523,536,523,535,523,534,523,533,523,532,523
37,524,36,525,35,526,34,527,33,528,33,529,33,530,33,531,33,532,33,533,34,534,34,535,34,536,35,537,35,538,36,539,36,540,37,541,37,542,38,542,39,543,40,544,41,544,42,544,43,545,44,545,45,544,46,544,47,544,48,543,48,542,49,541,50,540,50,539,50,538,50,537,51,536,51,535,50,534,51,533,51,532,50,531,50,530,49,529,49,528,48,527,47,526,46,525,45,525,44,525,43,524,42,524,41,524,40,524,39,524,38,524
764,524,763,525,762,525,761,526,761,527,760,528,760,529,761,530,760,531,760,532,760,533,761,534,762,535,763,536,764,537,765,537,766,537,767,537,768,537,769,537,770,537,771,537,772,536,773,535,774,534,774,533,775,532,775,531,775,530,775,529,775,528,774,527,773,526,772,525,771,525,770,524,769,524,768,524,767,524,766,524,765,524
676,535,675,536,674,536,673,537,672,538,671,539,671,540,670,541,670,542,670,543,671,544,671,545,671,546,672,547,673,548,674,548,675,549,676,549,677,550,678,550,679,550,680,550,681,550,682,550,683,549,684,549,685,548,686,548,687,547,687,546,688,545,688,544,688,543,688,542,688,541,688,540,687,539,686,538,685,537,684,536,683,536,682,535,681,535,680,535,679,535,678,535,677,535
192,541,191,542,190,542,189,543,188,544,187,545,187,546,186,547,186,548,186,549,185,550,185,551,185,552,186,553,187,554,188,555,189,555,190,555,191,556,192,556,193,556,194,556,195,556,196,555,197,555,198,555,199,554,200,553,201,552,201,551,201,550,202,549,202,548,201,547,201,546,201,545,200,544,200,543,199,542,198,542,197,541,196,541,195,541,194,541,193,541
732,541,731,542,730,542,729,542,728,543,727,544,727,545,726,546,726,547,726,548,726,549,726,550,726,551,727,552,728,553,729,554,730,554,731,555,732,555,733,555,734,555,735,555,736,555,737,555,738,554,739,553,739,552,739,551,739,550,739,549,739,548,739,547,738,546,738,545,737,544,736,543,735,543,734,542,733,542
522,547,521,548,520,548,519,548,519,549,518,550,518,551,517,552,517,553,517,554,517,555,517,556,516,557,516,558,516,559,516,560,516,561,516,562,516,563,516,564,516,565,516,566,516,567,516,568,516,569,517,570,518,571,519,572,520,573,521,573,522,574,523,574,524,574,525,574,526,574,527,574,528,574,529,574,530,574,531,574,532,574,533,574,534,574,535,574,536,574,537,574,538,574,539,573,540,573,541,572,542,571,543,571,543,570,544,569,544,568,544,567,545,566,545,565,544,564,544,563,544,562,544,561,544,560,544,559,544,558,543,557,543,556,542,555,541,554,541,553,540,552,539,551,538,551,537,550,536,549,535,549,534,548,533,548,532,548,531,548,530,547,529,547,528,547,527,547,526,547,525,547,524,547,523,547
403,551,402,552,401,552,400,552,399,553,398,554,397,555,396,556,395,557,395,558,394,559,394,560,394,561,394,562,394,563,394,564,394,565,395,566,395,567,396,568,397,569,398,570,399,571,400,572,401,572,402,573,403,573,404,574,405,574,406,574,407,575,408,575,409,575,410,575,411,575,412,575,413,575,414,575,415,575,416,574,417,574,418,573,419,572,420,571,420,570,421,569,421,568,421,567,421,566,421,565,421,564,420,563,420,562,419,561,418,560,418,559,417,558,416,557,415,556,414,555,413,555,412,554,411,553,410,553,409,552,408,552,407,552,406,551,405,551,404,551
738,555,737,556,736,556,736,557,735,558,734,559,734,560,734,561,734,562,734,563,734,564,734,565,734,566,735,567,735,568,736,568,737,569,738,570,739,570,740,570,741,570,742,570,743,570,744,570,745,569,746,569,747,568,748,567,748,566,748,565,749,564,749,563,748,562,748,561,748,560,747,559,746,558,745,557,744,556,743,556,742,556,741,555,740,555,739,555
453,561,452,562,451,562,451,563,450,564,449,565,449,566,448,567,448,568,448,569,448,570,448,571,448,572,449,573,449,574,450,575,451,576,452,577,453,577,454,577,455,577,456,577,457,576,458,576,459,575,460,574,461,573,461,572,461,571,462,570,462,569,462,568,462,567,462,566,461,565,461,564,460,563,459,562,458,562,457,561,456,561,455,561,454,561
722,563,721,564,720,564,719,565,719,566,718,567,718,568,718,569,718,570,718,571,719,572,719,573,720,574,721,575,722,576,723,576,724,576,725,576,726,576,727,576,728,575,729,575,730,574,731,573,731,572,732,571,732,570,732,569,732,568,732,567,731,566,730,565,729,565,728,564,727,564,726,563,725,563,724,563,723,563
86,568,85,569,84,570,83,571,83,572,82,573,82,574,82,575,82,576,82,577,83,578,84,579,84,580,85,580,86,581,87,581,88,581,89,581,90,581,91,581,92,580,93,580,94,579,94,578,95,577,95,576,95,575,96,574,95,573,95,572,95,571,94,570,93,569,92,568,91,568,90,568,89,568,88,568,87,568
925,577,924,578,923,578,922,578,921,579,920,580,920,581,919,582,919,583,919,584,919,585,919,586,919,587,919,588,919,589,920,590,921,591,921,592,922,592,923,593,924,594,925,594,926,594,927,594,928,594,929,594,930,594,931,593,932,592,933,591,934,590,934,589,935,588,935,587,935,586,935,585,935,584,935,583,934,582,934,581,933,580,932,580,931,579,930,578,929,578,928,578,927,577,926,577
350,579,349,580,348,580,347,580,346,581,345,582,344,583,344,584,343,585,343,586,343,587,343,588,343,589,343,590,343,591,344,592,344,593,345,594,346,595,347,596,348,596,349,596,350,596,351,596,352,596,353,596,354,596,355,595,356,594,357,593,357,592,358,591,358,590,358,589,358,588,358,587,358,586,358,585,358,584,357,583,357,582,356,581,355,581,354,580,353,580,352,579,351,579
770,591,769,592,768,592,767,593,766,594,765,595,765,596,765,597,765,598,765,599,765,600,765,601,765,602,766,603,767,604,768,605,769,605,770,606,771,606,772,606,773,606,774,606,775,605,776,605,777,604,778,603,779,602,779,601,780,600,780,599,780,598,780,597,780,596,779,595,779,594,778,593,777,592,776,591,775,591,774,591,773,591,772,591,771,591
155,596,154,597,153,597,152,598,151,598,151,599,150,600,150,601,150,602,150,603,150,604,150,605,150,606,151,607,152,608,153,609,154,610,155,610,156,611,157,611,158,611,159,612,160,612,161,612,162,611,163,611,164,611,165,610,166,610,167,609,168,608,168,607,169,606,169,605,169,604,169,603,168,602,168,601,167,600,166,599,165,598,164,598,163,597,162,597,161,597,160,596,159,596,158,596,157,596,156,596
603,597,602,598,601,599,600,600,600,601,600,602,599,603,600,604,600,605,600,606,600,607,601,608,602,609,602,610,603,610,604,611,605,612,606,612,607,612,608,612,609,612,610,612,611,612,612,612,613,611,614,610,614,609,614,608,615,607,615,606,615,605,615,604,614,603,614,602,614,601,613,600,612,599,611,598,610,598,609,597,608,597,607,597,606,597,605,597,604,597
289,601,288,602,287,603,286,604,286,605,286,606,285,607,286,608,286,609,286,610,286,611,287,612,288,613,289,614,290,615,291,616,292,616,293,616,294,616,295,617,296,617,297,616,298,616,299,615,300,614,301,613,301,612,302,611,302,610,302,609,302,608,302,607,301,606,301,605,300,604,299,603,298,602,297,602,296,601,295,601,294,601,293,601,292,601,291,601,290,601
39,602,38,603,37,603,36,603,35,603,34,603,33,603,32,604,31,604,30,605,30,606,29,607,29,608,29,609,28,610,28,611,29,612,29,613,29,614,29,615,29,616,30,617,30,618,30,619,30,620,31,621,31,622,32,623,33,624,33,625,34,626,35,626,36,627,37,627,38,627,39,627,40,626,41,626,41,625,42,624,43,623,43,622,43,621,44,620,44,619,44,618,44,617,44,616,44,615,44,614,44,613,44,612,44,611,44,610,43,609,43,608,42,607,42,606,42,605,42,604,43,603,42,603,41,603,40,603
985,606,984,607,983,607,982,608,981,609,981,610,980,611,980,612,980,613,980,614,980,615,981,616,981,617,982,618,983,619,984,620,985,620,986,620,987,620,988,620,989,620,990,620,991,619,992,619,993,618,993,617,994,616,994,615,994,614,994,613,994,612,994,611,994,610,993,609,993,608,992,607,991,607,990,606,989,606,988,606,987,606,986,606
7,613,6,614,5,614,4,615,3,616,2,617,1,618,1,619,1,620,1,621,1,622,0,623,1,624,1,625,1,626,1,627,1,628,1,629,1,630,2,631,3,632,4,633,5,634,6,635,7,635,8,636,9,637,10,637,11,637,12,637,13,637,14,636,15,635,16,635,16,634,17,633,17,632,18,631,18,630,18,629,18,628,18,627,18,626,18,625,18,624,18,623,18,622,18,621,18,620,17,619,17,618,16,617,15,616,14,615,13,614,12,614,11,613,10,613,9,613,8,613
227,629,226,630,225,631,224,632,224,633,224,634,223,635,223,636,224,637,224,638,224,639,225,640,225,641,226,642,227,642,228,643,229,643,230,643,231,643,232,643,233,643,234,642,235,642,236,641,237,640,237,639,237,638,237,637,237,636,237,635,237,634,236,633,235,632,235,631,234,631,233,630,232,629,231,629,230,629,229,629,228,629
799,632,798,633,797,633,797,634,796,635,795,636,795,637,795,638,795,639,795,640,796,641,796,642,797,643,798,644,799,644,800,645,801,645,802,645,803,646,804,646,805,646,806,645,807,645,808,645,809,644,810,643,810,642,811,641,811,640,811,639,810,638,810,637,810,636,809,635,808,634,807,633,806,633,805,633,804,633,803,632,802,632,801,632,800,632
528,633,527,634,526,634,525,634,524,634,523,635,522,635,521,636,520,636,520,637,519,638,518,639,518,640,518,641,518,642,518,643,518,644,518,645,519,646,520,647,521,648,522,649,523,649,524,649,525,649,526,650,527,649,528,649,529,649,530,648,531,647,532,646,533,645,533,644,533,643,533,642,533,641,533,640,533,639,532,638,532,637,531,636,530,635,529,634
449,637,448,638,447,639,446,640,446,641,445,642,445,643,445,644,444,645,444,646,444,647,444,648,444,649,445,650,446,651,447,652,448,653,449,653,450,653,451,653,452,653,453,653,454,652,455,651,456,650,456,649,456,648,457,647,457,646,456,646,455,645,456,644,457,644,456,643,456,642,456,641,455,640,455,639,454,638,453,638,452,637,451,637,450,637
306,647,305,648,304,648,303,649,302,650,301,651,301,652,301,653,301,654,301,655,302,656,302,657,303,658,303,659,304,660,305,661,306,661,307,662,308,662,309,661,310,661,311,660,312,659,312,658,313,657,313,656,313,655,313,654,313,653,313,652,313,651,312,650,311,649,310,648,309,648,308,648,307,647
150,649,149,650,148,650,147,651,146,652,146,653,146,654,145,655,145,656,145,657,145,658,145,659,145,660,145,661,145,662,146,663,146,664,147,665,148,666,149,666,150,667,151,667,152,667,153,667,154,667,155,666,156,666,157,665,158,664,158,663,159,662,159,661,159,660,159,659,159,658,159,657,159,656,159,655,158,654,158,653,157,652,156,651,155,650,154,649,153,649,152,649,151,649
750,650,749,651,748,651,747,652,746,652,745,653,745,654,744,655,744,656,744,657,744,658,744,659,745,660,745,661,746,662,747,663,748,663,749,664,750,664,751,665,752,665,753,665,754,665,755,665,756,664,757,664,758,664,759,663,760,662,761,661,761,660,761,659,761,658,761,657,760,656,760,655,759,654,758,653,757,652,756,652,755,651,754,651,753,651,752,650,751,650
644,662,643,663,642,663,641,663,640,664,639,665,638,666,637,667,636,668,636,669,635,670,635,671,634,672,634,673,634,674,634,675,634,676,634,677,634,678,634,679,635,680,635,681,636,682,637,682,638,683,639,683,640,684,641,684,642,684,643,683,644,683,645,683,646,682,647,682,648,681,649,680,650,679,651,678,652,677,653,676,653,675,654,674,654,673,654,672,654,671,654,670,654,669,654,668,654,667,654,666,654,665,654,664,653,663,652,663,651,662,650,662,649,662,648,662,647,662,646,662,645,662
390,673,389,674,388,674,387,675,386,675,385,676,384,677,384,678,384,679,383,680,383,681,383,682,384,683,384,684,384,685,384,686,385,687,386,688,387,689,388,689,389,690,390,690,391,690,392,690,393,689,394,689,395,688,396,688,397,687,398,686,399,685,399,684,400,683,400,682,400,681,400,680,400,679,400,678,399,677,398,676,398,675,397,675,396,674,395,674,394,674,393,673,392,673,391,673
589,679,588,680,587,681,587,682,586,683,586,684,586,685,586,686,587,687,587,688,588,689,589,690,590,691,591,692,592,692,593,693,594,693,595,693,596,693,597,693,598,693,599,692,600,692,601,691,602,691,603,690,603,689,604,688,604,687,604,686,604,685,604,684,604,683,603,682,602,681,601,681,600,680,599,680,598,680,597,679,596,679,595,679,594,679,593,679,592,679,591,679,590,679
676,683,675,684,674,684,673,685,672,686,672,687,671,688,671,689,671,690,671,691,671,692,671,693,672,694,672,695,673,696,674,697,675,698,676,698,677,699,678,699,679,699,680,699,681,698,682,697,683,696,684,695,685,694,685,693,685,692,685,691,685,690,685,689,684,688,684,687,683,686,682,685,681,684,680,684,679,683,678,683,677,683
860,690,859,691,858,692,857,693,857,694,856,695,856,696,856,697,856,698,856,699,856,700,856,701,857,702,857,703,858,704,859,705,860,706,861,706,862,707,863,707,864,707,865,707,866,707,867,706,868,706,869,705,870,704,871,703,871,702,871,701,872,700,872,699,872,698,872,697,871,696,871,695,871,694,870,693,869,692,868,691,867,690,866,690,865,690,864,690,863,690,862,690,861,690
181,702,180,703,179,703,178,703,177,704,176,705,175,706,174,707,174,708,174,709,174,710,175,711,176,712,177,713,178,713,179,713,180,714,181,714,182,713,183,713,184,713,185,713,186,712,187,711,187,710,187,709,187,708,187,707,187,706,187,705,186,704,185,703,184,703,183,703,182,702
281,703,280,704,279,704,278,704,277,705,276,705,275,706,274,707,274,708,273,709,273,710,273,711,273,712,273,713,273,714,274,715,274,716,275,717,276,718,277,719,278,719,279,720,280,720,281,720,282,720,283,719,284,719,285,719,286,718,287,717,288,716,288,715,289,714,289,713,289,712,289,711,289,710,289,709,288,708,288,707,287,706,286,705,285,704,284,704,283,704,282,704
642,709,641,710,640,710,639,711,638,712,637,712,637,713,636,714,635,715,635,716,635,717,635,718,635,719,635,720,635,721,636,722,637,723,638,724,639,725,640,725,641,726,642,726,643,726,644,727,645,727,646,727,647,727,648,727,649,727,650,726,651,725,652,724,653,723,654,722,654,721,655,720,655,719,655,718,655,717,655,716,655,715,655,714,654,713,654,712,653,711,652,710,651,710,650,709,649,709,648,709,647,709,646,709,645,709,644,709,643,709
930,730,929,731,928,731,927,732,926,733,925,734,925,735,925,736,925,737,925,738,925,739,925,740,926,741,926,742,927,743,928,744,929,745,930,745,931,746,932,746,933,747,934,747,935,747,936,746,937,746,938,746,939,745,940,744,940,743,941,742,941,741,942,740,942,739,941,738,941,737,941,736,940,735,939,734,938,733,937,732,936,731,935,731,934,730,933,730,932,730,931,730
522,737,521,738,520,738,519,738,518,739,517,739,516,740,515,741,515,742,514,743,514,744,514,745,514,746,514,747,514,748,514,749,515,750,516,751,517,752,518,753,519,753,520,754,521,754,522,754,523,754,524,754,525,754,526,754,527,753,528,752,529,752,530,751,530,750,531,749,531,748,532,747,532,746,532,745,532,744,532,743,531,742,531,741,530,740,529,739,528,738,527,738,526,738,525,737,524,737,523,737
981,739,980,740,979,740,978,741,978,742,977,743,977,744,977,745,977,746,977,747,978,748,979,749,980,750,981,750,982,750,983,750,984,750,985,750,986,749,987,749,988,748,988,747,989,746,989,745,989,744,989,743,989,742,989,741,988,740,987,740,986,739,985,739,984,739,983,739,982,739
745,741,744,742,743,743,742,743,741,744,741,745,740,746,739,747,739,748,739,749,739,750,739,751,740,752,741,753,742,754,743,754,744,754,745,755,746,755,747,754,748,754,749,754,750,753,751,752,752,751,753,750,753,749,754,748,754,747,754,746,754,745,753,744,753,743,752,742,751,741,750,741,749,741,748,741,747,741,746,741
452,742,451,743,450,743,449,743,448,744,447,745,446,746,445,747,445,748,445,749,445,750,445,751,445,752,446,753,447,754,448,755,449,755,450,755,451,755,452,755,453,754,454,753,455,752,456,751,456,750,456,749,456,748,457,747,456,746,456,745,456,744,455,743,454,743,453,743
240,755,239,756,238,756,237,757,237,758,236,759,236,760,235,761,235,762,235,763,235,764,235,765,236,766,236,767,237,768,238,769,239,770,240,771,241,771,242,772,243,772,244,772,245,772,246,772,247,772,248,771,249,770,250,770,250,769,251,768,252,767,252,766,252,765,252,764,252,763,252,762,252,761,251,760,250,759,250,758,249,757,248,757,247,756,246,756,245,755,244,755,243,755,242,755,241,755
622,756,621,757,620,757,619,758,618,759,618,760,617,761,617,762,617,763,617,764,618,765,618,766,619,767,620,768,621,768,622,769,623,769,624,769,625,769,626,769,627,769,628,768,629,768,629,767,630,766,631,765,631,764,631,763,631,762,631,761,631,760,630,759,630,758,629,757,628,757,627,756,626,756,625,756,624,756,623,756
701,761,700,762,699,762,698,763,698,764,697,765,697,766,697,767,697,768,697,769,697,770,697,771,697,772,698,773,699,774,699,775,700,776,701,777,702,777,703,777,704,777,705,777,706,777,707,777,708,777,709,776,710,775,711,774,711,773,711,772,712,771,712,770,712,769,712,768,711,767,711,766,710,765,710,764,709,763,708,762,707,762,706,761,705,761,704,761,703,761,702,761
500,765,499,766,498,766,497,767,496,768,496,769,495,770,495,771,495,772,495,773,495,774,495,775,495,776,495,777,495,778,496,779,497,780,498,781,499,782,500,783,501,784,502,783,503,783,504,782,505,781,505,780,506,779,507,778,507,777,508,776,508,775,508,774,507,773,507,772,506,771,506,770,505,769,505,768,504,767,504,766,503,766,502,765,501,765
786,766,785,767,784,767,783,768,782,769,782,770,781,771,781,772,780,773,780,774,780,775,780,776,780,777,781,778,781,779,782,780,783,781,784,782,785,782,786,783,787,783,788,783,789,783,790,783,791,782,792,782,793,781,794,781,795,780,796,779,796,778,797,777,797,776,798,775,798,774,798,773,798,772,797,771,797,770,796,769,796,768,795,767,794,767,793,766,792,766,791,766,790,766,789,766,788,766,787,766
5,767,4,768,3,768,2,769,1,770,1,771,0,772,0,773,0,774,0,775,1,776,1,777,1,778,2,779,3,779,4,780,5,780,6,780,7,781,8,781,9,780,10,780,11,780,12,780,13,779,14,778,15,777,16,776,16,775,17,774,17,773,17,772,17,771,16,770,16,769,15,768,14,768,13,767,12,767,11,767,10,767,9,767,8,767,7,767,6,767
164,769,163,770,162,771,161,772,161,773,161,774,161,775,161,776,161,777,161,778,161,779,162,780,163,781,164,782,165,782,166,783,167,783,168,783,169,784,170,784,171,784,172,784,173,783,174,783,175,782,176,781,177,780,177,779,177,778,177,777,177,776,176,775,176,774,175,773,174,772,173,771,172,771,171,770,170,770,169,769,168,769,167,769,166,769,165,769
509,775,509,776,508,777,508,778,507,779,506,780,506,781,505,782,504,783,503,784,502,784,501,785,501,786,502,787,502,788,503,789,503,790,504,790,505,791,506,792,507,792,508,792,509,792,510,792,511,791,512,791,513,790,514,789,514,788,515,787,515,786,516,785,516,784,516,783,517,782,517,781,517,780,517,779,517,778,517,777,516,777,515,776,514,776,513,776,512,775,511,775,510,775
848,775,847,776,846,776,845,776,844,777,843,778,842,779,842,780,841,781,841,782,841,783,841,784,841,785,841,786,842,787,842,788,843,789,844,790,844,791,845,791,846,792,847,793,848,794,849,794,850,795,851,796,852,796,853,796,854,797,855,797,856,797,857,797,858,797,859,797,860,796,861,796,862,795,863,794,863,793,864,792,864,791,864,790,864,789,864,788,864,787,864,786,864,785,864,784,863,783,863,782,863,781,862,780,861,779,860,778,859,777,858,777,857,776,856,776,855,775,854,775,853,775,852,775,851,775,850,775,849,775
624,802,623,803,622,804,621,805,621,806,621,807,621,808,621,809,621,810,621,811,621,812,622,813,622,814,623,815,624,816,625,817,626,817,627,818,628,818,629,818,630,818,631,818,632,817,633,817,633,816,634,815,634,814,635,813,635,812,634,811,634,810,634,809,634,808,633,807,632,806,632,805,631,804,630,803,629,803,628,802,627,802,626,802,625,802
888,802,887,803,886,803,885,804,884,805,883,806,883,807,883,808,883,809,883,810,883,811,883,812,883,813,884,814,885,815,886,816,887,816,888,817,889,817,890,817,891,817,892,817,893,816,894,816,895,815,896,814,896,813,897,812,897,811,897,810,897,809,897,808,897,807,897,806,896,805,895,804,894,803,893,803,892,802,891,802,890,802,889,802
430,811,429,812,428,812,427,813,426,814,425,815,425,816,424,817,424,818,424,819,424,820,425,821,425,822,426,823,426,824,427,825,428,826,429,826,430,827,431,828,432,828,433,828,434,828,435,828,436,827,437,827,438,826,439,825,440,824,440,823,440,822,441,821,441,820,441,819,441,818,440,817,440,816,439,815,439,814,438,813,437,813,436,812,435,812,434,811,433,811,432,811,431,811
772,811,771,812,770,813,769,814,769,815,769,816,769,817,769,818,769,819,770,820,770,821,771,822,772,823,773,823,774,824,775,824,776,824,777,824,778,824,779,823,780,822,781,821,781,820,781,819,781,818,781,817,781,816,781,815,781,814,780,813,779,812,778,811,777,811,776,811,775,811,774,811,773,811
28,814,27,815,26,816,25,816,24,817,24,818,24,819,24,820,24,821,24,822,25,823,25,824,25,825,25,826,26,827,27,828,28,828,29,829,30,829,31,829,32,829,33,829,34,828,35,828,36,827,37,826,37,825,38,824,38,823,38,822,38,821,38,820,38,819,37,818,37,817,36,816,35,815,34,815,33,814,32,814,31,814,30,814,29,814
16,815,15,816,14,816,13,816,12,817,11,818,10,819,10,820,10,821,9,822,10,823,10,824,10,825,10,826,11,827,12,828,13,829,14,829,15,829,16,830,17,830,18,830,19,829,20,829,21,828,22,828,23,827,24,826,24,825,24,824,24,823,23,822,23,821,23,820,23,819,23,818,22,817,21,816,20,816,19,815,18,815,17,815
904,839,903,840,902,841,901,841,901,842,900,843,899,844,899,845,899,846,899,847,899,848,900,849,900,850,901,851,901,852,902,853,903,853,904,854,905,854,906,855,907,855,908,856,909,856,910,857,911,857,912,858,913,859,914,859,915,860,916,861,917,861,918,861,919,861,920,861,921,861,922,861,923,860,923,859,924,858,924,857,924,856,924,855,924,854,924,853,923,852,923,851,922,850,922,849,921,848,921,847,921,846,920,845,920,844,919,843,918,842,917,841,916,841,915,840,914,840,913,840,912,840,911,839,910,839,909,839,908,839,907,839,906,839,905,839
1016,846,1015,847,1014,847,1013,848,1013,849,1012,850,1012,851,1012,852,1013,853,1013,854,1014,855,1015,855,1016,856,1017,856,1018,856,1019,856,1020,856,1021,855,1022,855,1022,854,1022,853,1022,852,1022,851,1022,850,1022,849,1022,848,1022,847,1021,847,1020,847,1019,846,1018,846,1017,846
558,853,557,854,556,854,555,855,554,855,553,856,553,857,553,858,553,859,553,860,554,861,555,861,556,862,557,862,558,863,559,863,560,864,561,864,562,864,563,865,564,865,565,865,566,865,567,865,568,865,569,865,570,865,571,864,572,864,573,863,573,862,574,861,574,860,574,859,573,858,573,857,572,856,571,856,570,855,569,854,568,854,567,854,566,853,565,853,564,853,563,853,562,853,561,853,560,853,559,853
657,853,656,854,655,855,654,856,653,856,653,857,652,858,651,859,651,860,650,861,650,862,650,863,650,864,650,865,650,866,650,867,651,868,652,869,653,870,654,871,655,871,656,871,657,871,658,871,659,870,660,870,661,869,662,868,663,867,664,866,665,865,665,864,666,863,666,862,666,861,666,860,666,859,666,858,666,857,666,856,665,855,665,854,664,853,663,853,662,853,661,853,660,853,659,853,658,853
699,853,698,854,697,854,696,855,695,855,694,856,694,857,693,858,693,859,692,860,692,861,692,862,692,863,692,864,692,865,693,866,693,867,694,868,695,869,696,869,697,869,698,870,699,870,700,870,701,870,702,870,703,869,704,869,705,868,706,867,707,866,708,865,708,864,708,863,709,862,709,861,709,860,709,859,708,858,708,857,707,856,706,855,705,854,704,854,703,853,702,853,701,853,700,853
63,867,62,868,61,869,60,870,60,871,59,872,59,873,59,874,59,875,59,876,59,877,59,878,60,879,60,880,61,881,62,882,63,882,64,883,65,883,66,884,67,884,68,884,69,884,70,883,71,883,72,882,73,881,74,880,74,879,74,878,74,877,74,876,74,875,74,874,74,873,74,872,73,871,73,870,72,869,72,868,71,868,70,867,69,867,68,867,67,867,66,867,65,867,64,867
401,868,400,869,399,870,398,871,398,872,398,873,399,874,399,875,399,876,400,877,401,878,401,879,402,880,403,881,404,882,405,882,406,882,407,882,408,882,409,882,410,882,411,881,412,880,412,879,413,878,413,877,413,876,412,875,412,874,411,873,411,872,410,871,409,870,408,870,407,869,406,869,405,868,404,868,403,868,402,868
744,873,743,874,742,875,741,876,741,877,741,878,741,879,741,880,742,881,743,882,744,882,745,882,746,882,747,882,748,882,749,882,750,882,751,881,752,881,753,880,753,879,753,878,753,877,753,876,753,875,752,874,751,873,750,873,749,873,748,873,747,873,746,873,745,873
642,883,641,884,640,884,639,885,638,886,637,887,636,887,635,888,635,889,634,890,634,891,634,892,634,893,634,894,634,895,635,896,636,897,637,898,638,898,639,899,640,899,641,899,642,899,643,899,644,898,645,898,646,897,647,897,648,896,648,895,649,894,650,893,650,892,650,891,650,890,650,889,650,888,649,887,649,886,648,885,647,884,646,884,645,884,644,883,643,884
713,893,712,894,711,894,710,894,709,895,708,896,707,897,707,898,706,899,706,900,705,901,705,902,705,903,705,904,705,905,706,906,706,907,707,908,708,909,709,910,710,910,711,911,712,911,713,911,714,911,715,911,716,911,717,910,718,910,719,909,720,908,721,907,721,906,721,905,722,904,722,903,722,902,722,901,722,900,721,899,721,898,720,897,719,896,718,895,717,894,716,894,715,893,714,893
835,893,834,894,833,894,832,894,831,895,830,895,829,896,828,897,827,898,826,899,826,900,825,901,825,902,824,903,824,904,824,905,825,906,825,907,826,908,827,909,828,909,829,910,830,910,831,910,832,909,833,909,834,909,835,908,836,908,837,907,838,906,839,905,839,904,840,903,840,902,840,901,841,900,841,899,841,898,840,897,840,896,839,895,838,894,837,894,836,893
858,898,857,899,856,900,856,901,856,902,856,903,856,904,857,905,857,906,858,906,859,907,860,908,861,909,862,909,863,909,864,909,865,909,866,908,867,907,868,906,869,905,869,904,869,903,868,902,868,901,867,900,866,899,865,898,864,898,863,898,862,898,861,898,860,898,859,898
494,907,493,908,492,908,491,909,490,910,489,911,489,912,488,913,488,914,488,915,487,916,487,917,487,918,487,919,488,920,488,921,489,922,489,923,490,924,491,924,492,925,493,925,494,926,495,926,496,926,497,926,498,925,499,925,500,925,501,924,502,923,503,922,504,921,504,920,505,919,505,918,505,917,505,916,505,915,505,914,505,913,505,912,504,911,504,910,503,909,502,908,501,908,500,907,499,907,498,907,497,907,496,907,495,907
590,909,589,910,588,910,587,911,587,912,587,913,586,914,586,915,587,916,587,917,587,918,588,919,588,920,589,921,590,922,591,923,592,923,593,923,594,923,595,923,596,923,597,922,598,921,599,920,599,919,599,918,599,917,600,916,599,915,599,914,599,913,598,912,597,911,596,910,595,909,594,909,593,909,592,909,591,909
351,911,350,912,349,913,348,914,348,915,347,916,347,917,347,918,347,919,348,920,348,921,349,922,349,923,350,924,351,925,352,926,353,926,354,926,355,926,356,926,357,926,358,925,358,924,359,923,359,922,359,921,360,920,360,919,360,918,360,917,360,916,359,915,359,914,358,913,358,912,357,912,356,911,355,911,354,911,353,911,352,911
667,916,666,917,665,917,664,918,664,919,663,920,663,921,663,922,663,923,663,924,663,925,663,926,664,927,664,928,665,929,666,930,667,930,668,931,669,931,670,932,671,932,672,933,673,933,674,933,675,934,676,934,677,934,678,934,679,934,680,933,681,933,682,932,683,931,684,930,685,929,685,928,685,927,685,926,685,925,685,924,684,923,684,922,683,921,682,920,681,919,680,918,679,918,678,917,677,917,676,917,675,916,674,916,673,916,672,916,671,916,670,916,669,916,668,916
1,920,1,921,1,922,1,923,0,924,0,925,0,926,0,927,0,928,1,929,1,930,1,931,2,931,3,931,4,931,5,931,6,931,7,930,8,929,8,928,9,927,9,926,9,925,8,924,8,923,7,922,6,921,5,920,4,920,3,920,2,920
807,937,806,938,805,938,804,938,803,939,802,940,802,941,801,942,801,943,801,944,801,945,801,946,801,947,801,948,801,949,802,950,802,951,803,952,804,953,805,954,806,954,807,954,808,954,809,954,810,954,811,954,812,954,813,953,814,953,815,952,816,951,817,950,817,949,817,948,817,947,817,946,817,945,817,944,817,943,816,942,815,941,815,940,814,939,813,939,812,938,811,938,810,938,809,937,808,937
1005,942,1004,943,1003,943,1002,944,1002,945,1001,946,1000,947,1000,948,1000,949,1000,950,1000,951,1000,952,1000,953,1000,954,1000,955,1000,956,1001,957,1001,958,1002,959,1003,960,1004,960,1005,960,1006,960,1007,960,1008,960,1009,959,1010,958,1011,957,1011,956,1012,955,1012,954,1012,953,1013,952,1013,951,1013,950,1013,949,1013,948,1013,947,1012,946,1012,945,1012,944,1011,943,1010,942,1009,942,1008,942,1007,942,1006,942
64,943,63,944,62,945,62,946,61,947,61,948,61,949,61,950,62,951,62,952,63,953,64,954,65,955,66,956,67,956,68,957,69,957,70,957,71,957,72,957,73,957,74,956,75,956,76,955,76,954,77,953,77,952,77,951,77,950,76,949,75,948,75,947,74,946,73,945,72,944,71,943,70,943,69,943,68,943,67,943,66,943,65,943
526,943,525,944,524,944,523,945,523,946,522,947,522,948,522,949,522,950,522,951,522,952,523,953,524,954,525,955,526,955,527,955,528,955,529,955,530,955,531,954,532,954,533,953,534,952,535,951,535,950,535,949,535,948,535,947,534,946,534,945,533,944,532,944,531,943,530,943,529,943,528,943,527,943
970,955,969,956,968,956,967,956,966,957,965,958,965,959,964,960,964,961,964,962,964,963,964,964,965,965,965,966,966,967,967,968,968,968,969,969,970,969,971,969,972,969,973,969,974,968,975,968,976,967,977,966,977,965,978,964,978,963,978,962,978,961,978,960,978,959,977,958,976,957,975,956,974,956,973,956,972,955,971,955
378,976,377,977,376,978,375,978,375,979,374,980,373,981,373,982,373,983,373,984,373,985,373,986,373,987,374,988,374,989,375,990,376,991,377,991,378,992,379,992,380,992,381,992,382,992,383,992,384,991,385,991,386,990,387,989,388,988,389,987,389,986,389,985,390,984,390,983,390,982,389,981,388,980,388,979,387,978,386,977,385,977,384,976,383,976,382,976,381,976,380,976,379,976
71,979,70,980,69,980,69,981,68,982,67,983,67,984,67,985,66,986,66,987,66,988,66,989,66,990,66,991,66,992,67,993,67,994,68,995,68,996,69,997,70,998,71,999,72,1000,73,1001,74,1001,75,1002,76,1003,77,1003,78,1003,79,1003,80,1003,81,1003,82,1002,83,1002,83,1001,84,1000,85,999,85,998,85,997,85,996,85,995,85,994,85,993,84,992,84,991,84,990,83,989,83,988,82,987,81,986,81,985,80,984,80,983,79,982,78,981,77,981,76,980,75,980,74,979,73,979,72,979
608,989,607,990,606,991,605,992,605,993,605,994,605,995,604,996,604,997,604,998,603,999,603,1000,602,1001,601,1001,601,1002,600,1003,600,1004,600,1005,600,1006,601,1006,602,1006,603,1006,604,1006,605,1006,606,1007,607,1008,608,1009,609,1009,610,1010,611,1010,612,1011,613,1011,614,1010,615,1010,616,1010,617,1009,618,1008,619,1008,620,1007,621,1006,622,1005,623,1004,623,1003,623,1002,624,1001,624,1000,624,999,624,998,624,997,623,996,623,995,623,994,622,993,621,992,620,991,619,991,618,990,617,989,616,989,615,989,614,989,613,989,612,989,611,989,610,989,609,989
215,998,214,999,213,1000,212,1000,212,1001,211,1002,211,1003,210,1004,210,1005,210,1006,210,1007,210,1008,210,1009,211,1010,212,1011,213,1011,214,1012,215,1012,216,1012,217,1011,218,1011,219,1010,220,1010,221,1009,222,1008,222,1007,222,1006,223,1005,223,1004,223,1003,223,1002,222,1001,222,1000,221,999,220,998,219,998,218,998,217,998,216,998
579,1000,578,1001,577,1001,576,1002,575,1003,574,1003,573,1004,572,1005,571,1005,570,1006,570,1007,569,1008,569,1009,569,1010,569,1011,570,1012,570,1013,571,1014,571,1015,572,1016,573,1017,573,1018,574,1019,575,1020,576,1020,577,1020,578,1021,579,1021,580,1021,581,1021,582,1021,583,1020,584,1020,585,1019,586,1018,586,1017,587,1016,588,1015,588,1014,589,1013,589,1012,589,1011,590,1010,590,1009,590,1008,590,1007,590,1006,589,1005,589,1004,588,1003,587,1002,586,1001,585,1001,584,1000,583,1000,582,1000,581,1000,580,1000
453,1012,452,1013,451,1013,450,1014,449,1015,448,1016,448,1017,447,1018,447,1019,447,1020,447,1021,447,1022,448,1023,449,1023,450,1023,451,1023,452,1023,453,1023,454,1023,455,1023,456,1023,457,1023,458,1023,459,1023,460,1023,461,1023,462,1023,463,1022,463,1021,463,1020,463,1019,462,1018,462,1017,461,1016,460,1015,459,1014,458,1013,457,1013,456,1013,455,1012,454,1012
