740,1,739,2,738,2,737,2,736,3,735,4,734,5,734,6,733,7,733,8,733,9,733,10,733,11,733,12,733,13,733,14,734,15,735,16,736,17,737,17,738,18,739,18,740,18,741,18,742,18,743,18,744,17,745,17,746,16,747,15,748,14,748,13,748,12,749,11,749,10,749,9,749,8,748,7,748,6,748,5,747,4,746,3,745,2,744,2,743,2,742,1,741,1
932,32,931,33,930,33,929,34,928,35,927,36,927,37,926,38,926,39,926,40,926,41,926,42,927,43,927,44,927,45,928,46,928,47,929,48,930,48,931,48,932,49,933,48,934,48,935,48,936,47,936,46,937,45,938,44,938,43,939,42,940,41,940,40,941,39,941,38,941,37,941,36,941,35,940,34,939,33,938,33,937,32,936,32,935,32,934,32,933,32
346,56,345,57,344,57,343,58,342,59,342,60,341,61,341,62,341,63,341,64,342,64,343,64,344,64,345,63,346,63,347,62,348,62,349,61,350,60,351,59,351,58,351,57,350,56,349,56,348,56,347,56
336,73,335,74,334,74,333,75,332,75,332,76,331,77,331,78,331,79,331,80,331,81,331,82,332,83,332,84,333,85,333,86,334,87,335,88,336,88,337,89,338,90,339,90,340,90,341,90,342,90,343,89,344,89,345,88,346,87,346,86,347,85,347,84,347,83,347,82,347,81,346,80,346,79,345,78,344,77,343,76,342,75,341,74,340,74,339,73,338,73,337,73
86,115,85,116,84,117,83,118,82,119,82,120,82,121,81,122,81,123,81,124,82,125,82,126,83,127,83,128,84,129,85,129,86,130,87,130,88,130,89,131,90,130,91,130,92,130,93,129,94,129,94,128,95,127,96,126,96,125,96,124,97,123,97,122,97,121,96,120,96,119,95,118,95,117,94,116,93,116,92,115,91,115,90,115,89,115,88,115,87,115
317,123,316,124,315,125,314,126,314,127,313,128,313,129,313,130,313,131,314,132,314,133,315,134,316,135,317,136,318,136,319,137,320,137,321,137,322,137,323,137,324,137,325,136,326,136,326,135,326,134,326,133,327,132,327,131,327,130,326,129,326,128,326,127,325,126,324,125,323,124,322,123,321,123,320,123,319,123,318,123
155,130,154,131,153,131,152,131,151,132,150,133,149,134,148,135,148,136,147,137,147,138,147,139,147,140,147,141,147,142,147,143,148,144,149,145,150,145,151,146,152,146,153,146,154,146,155,146,156,145,157,145,158,144,159,144,160,143,161,142,161,141,162,140,162,139,162,138,162,137,162,136,162,135,162,134,161,133,161,132,160,132,159,131,158,131,157,131,156,130
49,148,48,149,47,149,46,149,45,150,44,151,43,152,43,153,43,154,43,155,42,156,43,157,43,158,43,159,44,160,45,161,46,161,47,162,48,162,49,161,50,161,51,161,52,160,53,160,54,159,55,159,56,158,57,158,58,157,59,156,59,155,59,154,59,153,59,152,59,151,58,150,57,149,56,149,55,148,54,148,53,148,52,148,51,148,50,148
721,161,720,162,719,162,718,163,717,164,717,165,716,166,716,167,715,168,715,169,714,170,714,171,714,172,714,173,714,174,714,175,714,176,715,177,716,178,717,179,718,179,719,180,720,180,721,180,722,180,723,180,724,180,725,180,726,180,727,180,728,179,729,179,730,178,731,177,732,177,733,176,733,175,734,174,734,173,734,172,735,171,735,170,734,169,734,168,734,167,734,166,733,165,733,164,732,163,731,162,730,162,729,161,728,161,727,161,726,161,725,161,724,161,723,161,722,161
1020,170,1019,171,1018,172,1017,173,1016,174,1016,175,1015,176,1015,177,1015,178,1015,179,1015,180,1015,181,1015,182,1016,183,1016,184,1017,184,1018,185,1019,186,1020,186,1021,186,1022,186,1023,185,1023,184,1023,183,1023,182,1023,181,1023,180,1023,179,1023,178,1023,177,1023,176,1023,175,1023,174,1023,173,1023,172,1023,171,1022,170,1021,170
925,190,924,191,923,191,922,192,921,193,920,194,920,195,920,196,919,197,919,198,919,199,920,200,920,201,920,202,921,203,922,204,923,205,924,205,925,206,926,205,927,205,928,205,929,205,930,205,931,205,932,205,933,204,934,203,934,202,935,201,935,200,935,199,936,198,936,197,936,196,935,195,935,194,935,193,934,192,933,191,932,190,931,190,930,190,929,190,928,190,927,190,926,190
825,200,824,201,823,202,823,203,822,204,822,205,822,206,822,207,822,208,822,209,823,210,823,211,824,212,825,213,826,213,827,214,828,214,829,214,830,213,831,213,832,213,833,212,834,211,835,210,835,209,836,208,836,207,836,206,835,205,835,204,835,203,834,202,833,201,832,201,831,200,830,200,829,200,828,200,827,200,826,200
730,211,729,212,728,212,727,212,726,213,725,214,724,215,723,216,723,217,723,218,723,219,723,220,723,221,724,222,724,223,725,224,726,224,727,225,728,225,729,225,730,225,731,225,732,225,733,225,734,224,735,224,736,223,737,222,738,221,738,220,738,219,738,218,738,217,738,216,738,215,737,214,736,213,735,212,734,212,733,211,732,211,731,211
824,217,823,218,822,218,821,218,820,219,819,219,819,220,818,221,818,222,817,223,817,224,817,225,817,226,817,227,818,228,818,229,819,229,820,230,821,230,822,231,823,231,824,231,825,231,826,231,827,230,828,230,829,229,830,228,830,227,831,226,831,225,831,224,831,223,831,222,830,221,830,220,829,219,828,219,827,218,826,218,825,218
103,225,102,226,101,226,101,227,100,228,99,229,99,230,99,231,99,232,99,233,99,234,100,235,100,236,101,237,102,238,103,238,104,239,105,239,106,239,107,239,108,239,109,239,110,239,111,239,112,238,113,238,114,237,115,237,115,236,116,235,117,234,117,233,117,232,117,231,117,230,117,229,116,228,116,227,115,226,114,226,113,225,112,225,111,225,110,225,109,225,108,225,107,225,106,225,105,225,104,225
1002,225,1001,226,1000,227,999,227,998,228,997,229,997,230,996,231,996,232,995,233,995,234,995,235,995,236,996,237,996,238,996,239,997,240,998,241,999,241,1000,242,1001,242,1002,242,1003,241,1004,241,1005,241,1006,240,1007,239,1008,238,1009,237,1010,236,1011,235,1011,234,1012,233,1012,232,1012,231,1012,230,1012,229,1012,228,1011,227,1010,226,1009,225,1008,225,1007,225,1006,225,1005,225,1004,225,1003,225
966,293,965,294,964,294,963,295,962,296,962,297,961,298,961,299,961,300,961,301,961,302,962,303,963,304,963,305,964,306,965,306,966,307,967,307,968,307,969,307,970,307,971,307,972,307,973,306,974,306,975,305,976,304,976,303,977,302,977,301,977,300,977,299,976,298,976,297,975,296,974,295,973,294,972,294,971,293,970,293,969,293,968,293,967,293
517,298,516,299,515,299,514,300,513,300,512,301,512,302,511,303,511,304,511,305,511,306,511,307,511,308,512,309,513,310,513,311,514,311,515,312,516,312,517,312,518,312,519,312,520,312,521,312,522,311,523,310,524,309,524,308,525,307,525,306,525,305,525,304,525,303,525,302,524,301,523,300,522,299,521,298,520,298,519,298,518,298
641,335,640,336,639,337,638,338,637,339,637,340,637,341,637,342,637,343,637,344,638,345,639,346,640,347,641,347,642,347,643,347,644,347,645,348,646,348,647,348,648,347,649,347,650,347,651,346,652,345,652,344,653,343,653,342,653,341,653,340,652,339,652,338,651,337,650,336,649,336,648,335,647,335,646,335,645,335,644,335,643,335,642,335
647,353,646,354,645,355,644,355,643,356,642,357,641,358,640,359,640,360,640,361,640,362,640,363,640,364,640,365,641,366,641,367,642,367,643,367,644,368,645,368,646,368,647,368,648,368,649,367,650,367,651,367,652,366,653,365,654,364,654,363,655,362,655,361,655,360,655,359,655,358,655,357,655,356,654,355,653,354,652,353,651,353,650,353,649,353,648,353
896,358,895,359,894,359,894,360,893,361,893,362,893,363,893,364,893,365,893,366,893,367,893,368,894,369,894,370,895,371,896,371,897,372,898,372,899,372,900,371,901,371,902,371,903,370,904,369,904,368,904,367,905,366,905,365,905,364,905,363,904,362,904,361,903,360,902,359,901,359,900,359,899,358,898,358,897,358
1012,362,1011,363,1010,363,1009,363,1008,364,1007,364,1006,365,1006,366,1005,367,1005,368,1005,369,1004,370,1004,371,1004,372,1005,373,1005,374,1006,375,1007,376,1008,377,1009,377,1010,377,1011,377,1012,377,1013,377,1014,377,1015,376,1016,376,1017,375,1018,374,1019,373,1020,372,1020,371,1020,370,1020,369,1020,368,1020,367,1020,366,1019,365,1018,364,1017,363,1016,363,1015,363,1014,363,1013,362
72,383,71,384,70,384,69,384,68,384,67,385,66,385,65,386,65,387,64,388,64,389,64,390,64,391,64,392,64,393,65,394,65,395,66,396,67,396,68,397,69,397,70,397,71,397,72,397,73,396,74,396,75,395,76,394,76,393,77,392,77,391,77,390,78,389,78,388,78,387,78,386,77,385,76,384,75,384,74,384,73,383
205,410,204,411,203,411,202,411,201,411,200,412,199,412,198,413,197,414,197,415,197,416,196,417,196,418,196,419,196,420,196,421,197,422,197,423,198,424,198,425,199,426,200,426,201,427,202,427,203,427,204,427,205,426,206,426,207,426,208,426,208,425,209,424,210,424,211,423,212,422,212,421,213,420,213,419,213,418,213,417,213,416,213,415,212,414,211,413,210,412,209,411,208,411,207,411,206,411
420,412,419,413,418,414,418,415,417,416,417,417,416,418,416,419,416,420,416,421,416,422,416,423,416,424,417,425,417,426,418,427,419,427,420,428,421,429,422,429,423,430,424,430,425,430,426,431,427,431,428,431,429,431,430,431,431,431,432,431,433,431,434,431,435,430,436,430,437,429,437,428,438,427,438,426,438,425,439,424,439,423,438,422,439,421,438,420,438,419,437,418,436,417,435,416,434,415,433,414,432,414,431,413,430,413,429,413,428,412,427,412,426,412,425,412,424,412,423,412,422,412,421,412
223,463,222,464,221,464,220,465,219,465,219,466,218,467,217,468,217,469,217,470,217,471,217,472,217,473,217,474,217,475,218,476,218,477,219,478,220,478,221,479,222,479,223,479,224,479,225,479,226,479,227,479,228,478,229,478,230,477,230,476,231,475,232,474,232,473,232,472,232,471,232,470,232,469,232,468,232,467,231,466,230,465,229,464,228,464,227,463,226,463,225,463,224,463
985,470,984,471,983,472,982,472,982,473,981,474,981,475,980,476,980,477,980,478,980,479,980,480,981,481,981,482,981,483,981,484,982,485,983,486,984,486,985,487,986,487,987,487,988,487,989,487,990,487,991,486,992,486,993,485,994,484,994,483,995,482,995,481,995,480,995,479,995,478,995,477,994,476,994,475,993,474,993,473,992,472,991,472,990,471,989,470,988,470,987,470,986,470
168,492,167,493,166,494,165,495,164,496,164,497,163,498,163,499,163,500,163,501,163,502,163,503,163,504,164,505,164,506,165,507,166,508,167,508,168,509,169,509,170,509,171,509,172,509,173,509,174,508,175,508,176,507,177,507,178,506,178,505,179,504,180,503,180,502,180,501,180,500,180,499,180,498,180,497,179,496,179,495,178,494,177,493,176,492,175,492,174,492,173,492,172,492,171,492,170,492,169,492
901,497,900,498,899,498,898,498,897,499,896,500,895,501,895,502,894,503,894,504,894,505,894,506,894,507,894,508,894,509,894,510,895,511,895,512,896,513,897,514,898,515,899,515,900,516,901,516,902,516,903,516,904,516,905,516,906,515,907,514,908,514,909,513,909,512,910,511,911,510,911,509,911,508,911,507,911,506,911,505,911,504,910,503,910,502,909,501,908,500,907,499,906,498,905,498,904,498,903,497,902,497
293,506,292,507,291,508,290,508,290,509,289,510,289,511,288,512,288,513,288,514,288,515,288,516,288,517,289,518,289,519,290,520,290,521,291,522,292,522,293,523,294,523,295,523,296,524,297,524,298,524,299,524,300,523,301,523,302,522,303,522,304,521,305,520,306,519,306,518,307,517,307,516,307,515,306,514,306,513,306,512,306,511,305,510,304,510,303,509,302,508,301,507,300,507,299,507,298,506,297,506,296,506,295,506,294,506
727,522,726,523,725,524,724,525,723,526,723,527,723,528,723,529,723,530,723,531,723,532,723,533,723,534,723,535,723,536,723,537,723,538,723,539,723,540,724,541,725,542,726,543,727,544,728,544,729,545,730,545,731,546,732,546,733,546,734,546,735,546,736,546,737,546,738,545,739,545,740,544,741,543,742,542,742,541,743,540,743,539,744,538,744,537,744,536,743,535,743,534,742,533,742,532,741,531,741,530,740,530,739,529,738,528,737,527,736,526,735,525,734,525,733,524,732,524,731,523,730,522,729,522,728,522
931,533,930,534,929,534,928,535,928,536,928,537,928,538,928,539,928,540,929,541,930,542,931,543,932,544,933,545,934,545,935,545,936,545,937,545,938,545,939,544,940,543,941,542,941,541,942,540,942,539,942,538,941,537,941,536,940,535,939,534,938,534,937,533,936,533,935,533,934,533,933,533,932,533
58,622,57,623,56,623,55,624,54,625,54,626,53,627,53,628,52,629,52,630,51,631,51,632,52,633,52,634,53,635,53,636,53,637,54,638,55,639,56,639,57,640,58,641,59,641,60,642,61,642,62,642,63,643,64,643,65,642,66,642,67,641,68,640,69,639,70,638,70,637,71,636,71,635,71,634,71,633,71,632,71,631,71,630,71,629,71,628,70,627,69,626,69,625,68,624,67,624,66,623,65,623,64,622,63,622,62,622,61,622,60,622,59,622
40,631,39,632,38,632,37,633,36,633,35,634,35,635,35,636,34,637,34,638,34,639,35,640,35,641,36,642,37,643,38,644,39,644,40,644,41,644,42,645,43,645,44,645,45,645,46,645,47,644,48,644,49,643,50,643,51,642,51,641,52,640,52,639,53,638,52,637,52,636,52,635,51,634,51,633,50,632,50,631,49,631,48,631,47,631,46,631,45,631,44,631,43,631,42,631,41,631
38,650,37,651,36,651,35,651,34,652,33,653,32,654,32,655,32,656,32,657,33,658,33,659,33,660,34,661,35,662,36,663,37,663,38,664,39,664,40,665,41,665,42,665,43,665,44,664,45,664,46,663,47,662,47,661,47,660,47,659,47,658,47,657,47,656,46,655,45,654,44,653,43,652,42,652,41,651,40,651,39,651
228,652,227,653,226,653,225,654,224,654,224,655,223,656,223,657,222,658,222,659,222,660,222,661,222,662,223,663,223,664,224,665,224,666,225,667,225,668,226,669,227,669,228,670,229,670,230,670,231,670,232,670,233,670,234,670,235,669,236,669,237,668,238,667,238,666,239,665,239,664,240,663,240,662,241,661,241,660,241,659,241,658,240,657,240,656,239,655,238,654,237,653,236,653,235,653,234,652,233,652,232,652,231,652,230,652,229,652
425,667,424,668,423,669,422,670,422,671,422,672,422,673,422,674,422,675,422,676,422,677,423,678,424,679,425,679,426,679,427,679,428,679,429,679,430,679,431,679,432,678,433,678,434,677,435,676,435,675,435,674,435,673,435,672,434,671,433,670,433,669,432,669,431,668,430,668,429,667,428,667,427,667,426,667
218,670,217,671,216,672,216,673,215,674,215,675,215,676,215,677,215,678,215,679,216,680,216,681,217,682,217,683,218,684,219,685,220,685,221,686,222,686,223,687,224,687,225,687,226,687,227,686,228,686,229,685,230,684,230,683,231,682,231,681,231,680,231,679,231,678,231,677,231,676,230,675,230,674,229,673,228,672,227,671,227,670,226,670,225,670,224,670,223,670,222,670,221,670,220,670,219,670
731,703,730,704,729,705,728,705,728,706,727,707,726,708,726,709,725,710,725,711,725,712,725,713,725,714,726,715,726,716,727,717,728,718,729,719,730,720,731,720,732,720,733,721,734,721,735,721,736,721,737,720,738,720,739,719,740,718,741,717,741,716,741,715,742,714,742,713,742,712,742,711,741,710,741,709,741,708,740,707,740,706,739,705,738,704,737,704,736,704,735,703,734,703,733,703,732,703
954,704,953,705,952,705,951,705,950,706,949,707,948,707,948,708,947,709,946,710,946,711,946,712,945,713,946,714,946,715,946,716,946,717,947,718,948,719,949,720,950,721,951,721,952,721,953,721,954,721,955,721,956,721,957,720,958,719,959,718,960,717,960,716,960,715,961,714,961,713,961,712,961,711,960,710,960,709,960,708,959,707,959,706,958,706,957,705,956,705,955,705
447,716,446,717,445,717,444,718,443,719,443,720,442,721,442,722,442,723,442,724,442,725,442,726,442,727,443,728,444,729,445,730,446,731,447,731,448,731,449,732,450,732,451,732,452,731,453,731,454,731,455,730,456,729,457,728,457,727,458,726,458,725,458,724,458,723,457,722,457,721,456,720,456,719,455,718,454,717,453,717,452,716,451,716,450,716,449,716,448,716
865,716,864,717,863,718,862,719,861,720,861,721,860,722,860,723,860,724,860,725,860,726,861,727,861,728,862,729,863,729,864,730,865,730,866,730,867,730,868,730,869,730,870,730,871,730,872,730,873,729,874,729,875,728,876,727,876,726,877,725,877,724,877,723,877,722,876,721,876,720,876,719,875,718,874,717,873,717,872,716,871,716,870,716,869,716,868,716,867,716,866,716
493,718,492,719,491,719,490,720,490,721,489,722,489,723,489,724,489,725,489,726,489,727,489,728,489,729,490,730,490,731,491,732,492,733,493,734,494,734,495,734,496,734,497,735,498,735,499,734,500,734,501,734,502,733,502,732,503,731,504,730,504,729,504,728,504,727,504,726,504,725,504,724,504,723,503,722,502,721,502,720,501,720,500,719,499,718,498,718,497,718,496,718,495,718,494,718
121,720,120,721,119,721,118,721,117,722,116,723,115,724,115,725,115,726,115,727,114,728,114,729,115,730,115,731,116,732,117,733,118,733,119,734,120,734,121,734,122,734,123,734,124,734,125,733,126,732,126,731,127,730,127,729,128,728,128,727,128,726,128,725,128,724,127,723,127,722,126,721,125,721,124,720,123,720,122,720
684,731,683,732,682,732,681,733,681,734,680,735,680,736,680,737,680,738,680,739,680,740,680,741,681,742,682,743,683,744,684,745,685,745,686,746,687,746,688,746,689,746,690,746,691,746,692,746,693,745,694,745,695,744,696,743,697,742,697,741,697,740,697,739,697,738,697,737,696,736,696,735,695,734,694,733,693,732,692,732,691,731,690,731,689,731,688,731,687,731,686,731,685,731
46,738,45,739,44,739,43,739,42,740,41,741,41,742,40,743,40,744,40,745,40,746,40,747,40,748,40,749,40,750,41,751,41,752,42,753,43,753,44,754,45,754,46,754,47,753,48,753,49,752,50,751,51,750,52,749,52,748,52,747,53,746,53,745,53,744,52,743,52,742,52,741,51,740,50,739,49,739,48,739,47,738
480,748,479,749,478,749,477,750,476,751,475,752,474,753,473,754,473,755,472,756,473,757,473,758,473,759,474,760,474,761,475,761,476,762,477,762,478,763,479,763,480,763,481,764,482,764,483,764,484,764,485,764,486,764,487,763,488,763,489,762,490,762,490,761,491,760,491,759,491,758,491,757,491,756,491,755,491,754,490,753,490,752,489,751,488,750,487,750,486,749,485,749,484,748,483,748,482,748,481,748
619,764,618,765,617,765,616,766,615,767,615,768,614,769,614,770,614,771,613,772,613,773,613,774,614,775,614,776,614,777,615,778,615,779,616,780,617,781,618,782,619,783,620,784,621,784,622,784,623,785,624,785,625,785,626,785,627,785,628,785,629,785,630,785,631,785,632,785,633,785,634,785,635,785,636,784,637,784,638,783,639,782,639,781,640,780,640,779,640,778,640,777,640,776,640,775,640,774,640,773,640,772,639,771,639,770,639,769,639,768,638,768,637,768,636,768,635,768,634,769,633,768,632,767,631,767,630,766,629,765,628,765,627,765,626,764,625,764,624,764,623,764,622,764,621,764,620,764
949,777,948,778,947,778,946,779,946,780,945,781,944,782,944,783,944,784,944,785,944,786,945,787,945,788,946,789,947,790,948,790,949,791,950,791,951,791,952,791,953,791,954,791,955,791,956,790,957,790,958,789,959,789,960,788,960,787,961,786,961,785,961,784,961,783,960,782,960,781,959,780,959,779,958,778,957,778,956,777,955,777,954,777,953,777,952,777,951,777,950,777
181,782,180,783,179,783,178,784,177,785,176,786,176,787,175,788,175,789,175,790,175,791,175,792,175,793,176,794,177,795,178,796,179,796,180,797,181,797,182,797,183,797,184,797,185,797,186,797,187,796,188,796,189,795,190,794,191,793,191,792,192,791,192,790,192,789,191,788,191,787,190,786,190,785,189,784,188,783,187,783,186,782,185,782,184,782,183,782,182,782
773,782,772,783,771,783,770,784,769,785,768,786,767,787,767,788,767,789,766,790,766,791,766,792,766,793,766,794,767,795,767,796,768,797,768,798,769,799,770,799,771,800,772,800,773,800,774,800,775,800,776,799,777,799,778,798,779,797,780,796,781,795,781,794,782,793,782,792,782,791,782,790,782,789,782,788,782,787,782,786,781,785,780,784,779,783,778,783,777,782,776,782,775,782,774,782
385,783,384,784,383,784,382,784,381,785,380,786,379,787,379,788,378,789,378,790,377,791,377,792,377,793,377,794,377,795,377,796,378,797,378,798,379,799,380,800,381,801,382,801,383,802,384,802,385,802,386,803,387,803,388,803,389,803,390,803,391,802,392,802,393,801,394,800,395,799,396,798,396,797,397,796,397,795,397,794,397,793,397,792,396,791,396,790,396,789,396,788,395,787,394,787,393,786,392,785,391,784,390,784,389,784,388,783,387,783,386,783
548,793,547,794,546,795,545,796,545,797,545,798,545,799,545,800,545,801,545,802,545,803,546,804,546,805,547,806,548,807,549,808,550,808,551,809,552,809,553,809,554,809,555,809,556,809,557,809,558,808,559,808,559,807,560,806,560,805,560,804,560,803,560,802,560,801,559,800,558,799,558,798,557,797,556,796,555,795,554,794,553,793,552,793,551,793,550,793,549,793
889,816,888,817,887,817,886,818,886,819,885,820,885,821,885,822,885,823,885,824,886,825,886,826,887,827,887,828,888,829,889,830,890,830,891,830,892,830,893,830,894,830,895,829,896,828,896,827,897,826,897,825,897,824,897,823,897,822,897,821,896,820,896,819,895,818,894,817,893,817,892,816,891,816,890,816
267,827,266,828,265,828,264,828,263,828,262,829,261,829,260,830,259,831,258,832,258,833,258,834,257,835,257,836,257,837,257,838,257,839,258,840,258,841,259,842,260,843,261,843,262,844,263,845,264,845,265,845,266,845,267,846,268,846,269,846,270,846,271,846,272,846,273,845,274,845,275,844,276,843,277,842,277,841,278,840,278,839,278,838,278,837,278,836,278,835,278,834,278,833,278,832,277,831,277,830,276,829,275,828,274,828,273,827,272,827,271,827,270,827,269,827,268,827
804,864,803,865,802,865,801,866,800,867,799,868,799,869,799,870,799,871,799,872,799,873,799,874,799,875,800,876,800,877,801,878,802,878,803,879,804,880,805,880,806,880,807,880,808,880,809,879,810,879,811,878,812,877,812,876,813,875,813,874,813,873,813,872,813,871,813,870,813,869,812,868,811,867,810,866,809,866,808,865,807,865,806,865,805,864
171,876,170,877,169,877,168,878,168,879,167,880,167,881,167,882,167,883,168,884,168,885,168,886,169,887,170,888,171,888,172,888,173,889,174,889,175,889,176,889,177,888,178,888,179,887,180,886,180,885,180,884,181,883,181,882,180,881,180,880,179,879,179,878,178,877,177,877,176,876,175,876,174,876,173,876,172,876
526,877,525,878,524,878,523,879,522,880,521,881,521,882,521,883,521,884,521,885,522,886,522,887,523,888,524,888,525,889,526,889,527,890,528,890,529,890,530,890,531,890,532,890,533,889,534,888,534,887,535,886,535,885,535,884,535,883,534,882,534,881,533,880,532,879,531,878,530,878,529,877,528,877,527,877
250,892,249,893,248,893,247,894,246,895,245,896,244,897,243,898,243,899,243,900,243,901,243,902,244,903,244,904,245,905,246,906,247,906,248,907,249,908,250,908,251,908,252,908,253,908,254,908,255,907,256,907,257,907,258,906,259,905,259,904,259,903,260,902,260,901,260,900,260,899,260,898,259,897,259,896,258,895,257,894,256,894,255,893,254,892,253,892,252,892,251,892
357,905,356,906,355,906,354,906,353,907,352,908,351,909,350,910,350,911,349,912,349,913,349,914,349,915,349,916,349,917,349,918,349,919,350,920,350,921,351,922,351,923,352,924,353,925,354,926,355,926,356,926,357,927,358,927,359,927,360,927,361,926,362,926,363,925,364,925,365,924,366,923,366,922,367,921,367,920,367,919,367,918,367,917,367,916,367,915,367,914,367,913,367,912,366,911,366,910,365,909,364,908,363,907,362,907,361,906,360,906,359,905,358,905
509,908,508,909,507,909,506,909,505,910,504,910,503,911,502,912,502,913,501,914,501,915,501,916,501,917,501,918,501,919,501,920,502,921,502,922,503,923,503,924,504,924,505,925,506,925,507,926,508,926,509,926,510,926,511,925,512,925,513,925,514,925,515,925,516,924,517,923,518,923,519,922,520,921,521,920,521,919,522,918,522,917,522,916,522,915,522,914,522,913,521,912,520,911,520,910,519,910,518,909,517,909,516,908,515,908,514,908,513,908,512,908,511,908,510,908
984,909,983,910,982,910,981,911,980,912,979,913,978,914,978,915,977,916,977,917,977,918,977,919,977,920,977,921,977,922,978,923,979,924,980,925,981,925,982,925,983,925,984,925,985,925,986,924,987,924,988,923,989,923,990,922,991,921,992,920,993,919,993,918,994,917,994,916,994,915,994,914,993,913,993,912,992,911,991,910,990,910,989,909,988,909,987,909,986,909,985,909
853,952,852,953,851,953,850,954,849,955,848,956,848,957,848,958,847,959,847,960,847,961,847,962,848,963,848,964,848,965,849,966,850,967,851,968,852,968,853,968,854,969,855,969,856,969,857,969,858,969,859,969,860,968,861,968,862,967,863,966,863,965,864,964,864,963,863,962,864,961,864,960,864,959,864,958,864,957,863,956,862,955,861,954,860,953,859,953,858,953,857,952,856,952,855,952,854,952
914,961,913,962,912,962,911,963,910,964,910,965,909,966,909,967,909,968,909,969,909,970,909,971,909,972,909,973,910,974,910,975,910,976,911,977,912,978,913,979,914,979,915,980,916,980,917,980,918,980,919,980,920,980,921,979,922,979,922,978,923,977,923,976,923,975,923,974,923,973,923,972,923,971,922,970,922,969,922,968,921,967,921,966,921,965,920,964,920,963,919,963,918,962,917,961,916,961,915,961
196,965,195,966,194,966,194,967,193,968,192,969,192,970,192,971,192,972,192,973,192,974,193,975,193,976,194,977,195,977,196,978,197,978,198,979,199,979,200,979,201,979,202,979,203,979,204,979,205,978,206,977,207,976,207,975,207,974,208,973,207,972,207,971,207,970,206,969,205,968,204,967,203,966,202,966,201,965,200,965,199,965,198,965,197,965
233,1000,232,1001,231,1001,230,1002,229,1002,228,1003,228,1004,227,1005,227,1006,227,1007,227,1008,226,1009,226,1010,226,1011,227,1012,227,1013,227,1014,227,1015,228,1016,229,1017,230,1018,231,1019,232,1019,233,1019,234,1019,235,1020,236,1019,237,1019,238,1019,239,1019,240,1018,241,1018,242,1017,243,1017,243,1016,244,1015,244,1014,244,1013,245,1012,245,1011,245,1010,245,1009,244,1008,244,1007,244,1006,243,1005,243,1004,242,1003,241,1002,240,1001,239,1001,238,1000,237,1000,236,1000,235,1000,234,1000
472,1015,471,1016,470,1017,469,1017,469,1018,468,1019,468,1020,468,1021,468,1022,469,1023,470,1023,471,1023,472,1023,473,1023,474,1023,475,1023,476,1023,477,1023,478,1023,479,1023,480,1023,481,1023,482,1023,483,1022,483,1021,482,1020,482,1019,481,1018,481,1017,480,1016,479,1016,478,1015,477,1015,476,1015,475,1015,474,1015,473,1015
258,1017,257,1018,256,1018,255,1019,255,1020,254,1021,254,1022,255,1023,256,1023,257,1023,258,1023,259,1023,260,1023,261,1023,262,1023,263,1023,264,1023,265,1023,266,1023,267,1023,268,1022,268,1021,268,1020,267,1019,266,1018,265,1017,264,1017,263,1017,262,1017,261,1017,260,1017,259,1017
