60,0,59,1,59,2,59,3,59,4,59,5,59,6,60,7,61,8,62,9,63,10,64,10,65,11,66,11,67,11,68,11,69,10,70,10,71,9,72,8,72,7,73,6,73,5,74,4,74,3,73,2,73,1,72,0,71,0,70,0,69,0,68,0,67,0,66,0,65,0,64,0,63,0,62,0,61,0
769,3,768,4,767,4,766,5,766,6,765,7,764,8,764,9,763,10,763,11,763,12,763,13,763,14,764,15,764,16,765,17,766,18,767,19,768,19,769,19,770,20,771,20,772,19,773,19,774,19,775,18,776,18,777,17,778,16,778,15,779,14,779,13,779,12,779,11,779,10,779,9,779,8,778,7,778,6,777,5,776,4,775,4,774,4,773,3,772,3,771,3,770,3
656,15,655,16,654,17,653,18,652,19,652,20,651,21,651,22,651,23,651,24,651,25,651,26,651,27,652,28,652,29,653,30,654,30,655,31,656,31,657,32,658,32,659,32,660,32,661,32,662,32,663,31,664,31,665,30,666,30,667,29,667,28,668,27,668,26,668,25,668,24,668,23,668,22,668,21,667,20,667,19,666,18,665,17,664,16,663,16,662,15,661,15,660,15,659,15,658,15,657,15
891,20,890,21,889,21,888,22,887,22,887,23,886,24,885,25,885,26,885,27,885,28,885,29,885,30,885,31,886,32,886,33,887,34,888,35,889,35,890,36,891,36,892,36,893,35,894,35,895,34,896,34,896,33,897,32,898,31,898,30,898,29,898,28,898,27,898,26,898,25,898,24,897,23,897,22,896,21,895,21,894,21,893,20,892,20
440,43,439,44,438,44,438,45,437,46,437,47,436,48,436,49,437,50,437,51,437,52,438,53,438,54,439,55,440,56,441,56,442,56,443,56,444,56,445,56,446,56,447,55,448,55,449,54,450,53,450,52,450,51,450,50,450,49,450,48,450,47,450,46,449,45,448,44,447,43,446,43,445,43,444,43,443,43,442,43,441,43
715,52,714,53,713,53,712,54,711,54,710,55,710,56,709,57,709,58,709,59,708,60,708,61,708,62,709,63,709,64,710,65,710,66,711,66,712,67,713,67,714,67,715,68,716,68,717,67,718,67,719,67,720,67,721,66,722,65,723,64,724,63,724,62,725,61,725,60,725,59,725,58,725,57,724,56,724,55,723,54,722,54,721,53,720,53,719,52,718,52,717,52,716,52
200,58,199,59,198,59,197,60,197,61,196,62,196,63,196,64,196,65,196,66,196,67,197,68,197,69,198,70,199,71,200,71,201,72,202,72,203,72,204,72,205,71,206,71,207,71,208,70,209,69,210,68,210,67,210,66,210,65,210,64,210,63,210,62,209,61,208,60,207,59,206,58,205,58,204,58,203,58,202,58,201,58
751,65,750,66,749,66,748,66,747,66,746,66,745,66,744,66,743,66,742,66,741,66,740,66,739,66,738,66,737,66,736,66,735,67,734,67,733,68,732,68,731,69,730,70,730,71,729,72,729,73,729,74,729,75,729,76,729,77,730,78,730,79,731,80,732,81,733,82,734,82,735,83,736,83,737,84,738,84,739,84,740,85,741,85,742,86,743,86,744,86,745,87,746,87,747,87,748,87,749,86,750,86,751,86,752,86,753,85,754,84,755,84,755,83,756,82,757,81,757,80,758,79,758,78,759,77,759,76,759,75,760,74,760,73,759,72,759,71,759,70,758,69,757,68,756,67,755,67,754,66,753,66,752,65
267,66,266,67,265,67,264,68,263,69,262,70,262,71,261,72,261,73,261,74,261,75,261,76,262,77,262,78,263,79,264,80,265,80,266,81,267,81,268,82,269,82,270,83,271,83,272,83,273,82,274,82,275,81,276,81,276,80,277,79,277,78,278,77,278,76,278,75,278,74,278,73,278,72,277,71,277,70,276,69,275,68,274,67,273,67,272,66,271,66,270,66,269,66,268,66
125,67,124,68,124,69,123,70,123,71,123,72,124,73,124,74,125,75,125,76,126,77,127,78,128,79,129,80,130,81,131,82,132,82,133,83,134,83,135,83,136,83,137,83,138,83,139,82,140,81,140,80,139,79,139,78,139,77,138,76,138,75,137,74,136,73,136,72,135,71,134,70,133,69,132,68,131,68,130,67,129,67,128,67,127,67,126,67
399,76,398,77,397,78,396,79,396,80,395,81,395,82,395,83,394,84,394,85,394,86,394,87,395,88,395,89,395,90,396,91,396,92,397,93,398,94,399,95,400,96,401,96,402,97,403,98,404,98,405,99,406,100,407,100,408,101,409,101,410,101,411,102,412,102,413,101,414,101,415,101,416,100,417,99,418,98,418,97,418,96,418,95,418,94,418,93,418,92,418,91,417,90,417,89,416,88,415,87,414,86,413,85,412,84,411,83,411,82,410,81,410,80,409,79,408,78,407,77,406,77,405,76,404,76,403,76,402,76,401,76,400,76
122,83,121,84,120,84,119,84,118,85,117,86,116,87,116,88,115,89,115,90,115,91,115,92,115,93,115,94,115,95,115,96,116,97,116,98,117,99,118,100,119,101,120,101,121,102,122,102,123,102,124,102,125,101,126,101,127,100,128,99,129,98,129,97,130,96,130,95,130,94,130,93,130,92,130,91,130,90,129,89,129,88,128,87,128,86,127,85,126,84,125,84,124,84,123,84
878,98,877,99,876,99,875,100,874,101,873,102,873,103,873,104,872,105,872,106,873,107,873,108,873,109,874,110,875,111,876,111,877,112,878,112,879,113,880,113,881,113,882,113,883,113,884,112,885,112,886,112,887,111,888,111,889,110,889,109,890,108,890,107,890,106,890,105,890,104,890,103,889,102,889,101,888,100,887,100,886,99,885,99,884,98,883,98,882,98,881,98,880,98,879,98
772,103,771,104,770,105,769,106,769,107,769,108,769,109,769,110,770,111,770,112,771,113,772,114,773,115,774,115,775,116,776,117,777,117,778,118,779,118,780,118,781,118,782,118,783,118,784,117,784,116,785,115,785,114,785,113,785,112,784,111,784,110,784,109,783,108,782,107,781,106,780,105,779,104,778,104,777,104,776,103,775,103,774,103,773,103
513,104,512,105,511,105,510,106,509,106,508,107,508,108,507,109,507,110,506,111,506,112,506,113,506,114,506,115,507,116,508,117,509,117,510,118,511,118,512,118,513,118,514,117,515,117,516,116,517,116,518,115,519,114,519,113,519,112,519,111,519,110,519,109,519,108,518,107,518,106,517,106,516,105,515,105,514,104
99,107,98,108,97,108,96,108,95,109,94,110,93,111,92,112,92,113,92,114,92,115,92,116,92,117,93,118,94,119,95,120,96,120,97,121,98,121,99,121,100,120,101,120,102,119,103,119,104,118,105,117,106,116,106,115,107,114,107,113,107,112,106,111,106,110,105,109,104,108,103,108,102,107,101,107,100,107
678,108,677,109,676,109,675,110,674,111,674,112,674,113,673,114,673,115,674,116,673,117,674,118,674,119,674,120,675,121,675,122,676,123,677,124,678,125,679,125,680,126,681,126,682,126,683,126,684,126,685,126,686,126,687,126,688,125,689,124,690,123,691,122,691,121,691,120,691,119,691,118,691,117,691,116,690,115,690,114,689,113,688,112,687,111,686,110,685,109,684,109,683,109,682,108,681,108,680,108,679,108
557,111,556,112,555,113,554,114,554,115,553,116,553,117,553,118,553,119,553,120,553,121,553,122,553,123,553,124,553,125,553,126,553,127,553,128,553,129,553,130,554,131,555,132,556,132,557,132,558,132,559,132,560,131,561,131,562,130,562,129,562,128,563,127,563,126,564,125,564,124,564,123,564,122,564,121,564,120,564,119,564,118,564,117,564,116,564,115,563,114,562,113,561,112,560,112,559,111,558,111
531,113,530,114,529,114,528,115,527,116,527,117,527,118,527,119,527,120,527,121,528,122,529,123,530,124,531,124,532,125,533,125,534,125,535,125,536,125,537,124,538,124,539,123,540,122,540,121,540,120,541,119,541,118,540,117,540,116,539,115,538,114,537,113,536,113,535,113,534,113,533,113,532,113
220,132,219,133,218,133,217,133,216,134,215,135,214,136,213,137,213,138,212,139,212,140,212,141,212,142,213,143,213,144,214,145,215,146,216,146,217,147,218,147,219,147,220,147,221,147,222,147,223,147,224,146,225,146,226,145,227,144,228,143,229,142,229,141,229,140,230,139,230,138,229,137,229,136,229,135,228,134,227,133,226,133,225,132,224,132,223,132,222,132,221,132
102,168,101,169,100,169,99,169,98,170,97,171,96,172,96,173,96,174,96,175,96,176,96,177,96,178,96,179,97,180,98,181,99,182,100,183,101,183,102,183,103,184,104,184,105,184,106,183,107,183,108,182,109,182,109,181,110,180,110,179,110,178,110,177,110,176,110,175,110,174,109,173,109,172,108,171,108,170,107,170,106,169,105,169,104,168,103,168
245,171,244,172,243,172,242,172,241,173,240,173,239,174,238,175,237,176,236,177,235,178,234,179,234,180,233,181,233,182,233,183,233,184,233,185,234,186,234,187,235,188,235,189,236,190,237,191,238,191,239,192,240,192,241,192,242,192,243,192,244,191,245,191,246,191,247,190,248,190,249,189,250,188,251,187,252,186,253,185,253,184,253,183,254,182,254,181,254,180,254,179,254,178,254,177,254,176,253,175,252,174,252,173,251,172,250,172,249,172,248,171,247,171,246,171
878,173,877,174,876,174,875,175,874,175,873,176,872,177,871,178,870,179,870,180,870,181,869,182,869,183,869,184,869,185,869,186,869,187,869,188,869,189,870,190,871,191,872,192,873,193,874,193,875,194,876,194,877,194,878,194,879,194,880,194,881,194,882,194,883,194,884,194,885,193,886,193,887,193,888,193,889,192,890,192,891,191,892,190,893,189,893,188,893,187,894,186,894,185,894,184,894,183,894,182,893,181,893,180,893,179,892,178,891,177,890,176,889,175,888,174,887,174,886,173,885,173,884,173,883,173,882,173,881,173,880,173,879,173
754,174,753,175,752,176,752,177,752,178,752,179,752,180,752,181,752,182,753,183,753,184,753,185,754,186,754,187,755,188,756,189,757,190,758,191,759,191,760,192,761,192,762,192,763,192,764,191,765,191,766,190,767,189,768,188,769,187,769,186,769,185,769,184,769,183,769,182,769,181,769,180,768,179,767,178,766,177,765,176,764,175,763,175,762,174,761,174,760,174,759,174,758,174,757,174,756,174,755,174
317,189,316,190,315,190,314,191,313,192,313,193,312,194,312,195,312,196,312,197,312,198,312,199,312,200,312,201,313,202,313,203,314,204,315,205,316,205,317,206,318,206,319,206,320,206,321,206,322,206,323,205,324,205,325,204,326,203,327,202,327,201,327,200,327,199,328,198,328,197,327,196,327,195,327,194,326,193,326,192,325,191,324,190,323,190,322,189,321,189,320,189,319,189,318,189
395,200,394,201,393,201,392,201,391,202,390,202,389,203,389,204,388,205,388,206,388,207,388,208,388,209,388,210,388,211,388,212,389,213,389,214,390,215,391,216,392,217,393,218,394,219,395,219,396,220,397,220,398,220,399,220,400,220,401,220,402,220,403,220,404,219,405,218,406,217,406,216,407,215,407,214,407,213,407,212,407,211,407,210,407,209,407,208,406,207,406,206,405,205,404,204,403,203,402,202,401,202,400,201,399,201,398,201,397,201,396,200
994,223,993,224,992,224,991,224,990,225,989,226,989,227,988,228,988,229,988,230,988,231,988,232,988,233,988,234,989,235,990,236,991,237,992,237,993,238,994,238,995,238,996,239,997,239,998,238,999,238,1000,238,1001,238,1002,237,1003,236,1004,235,1004,234,1004,233,1004,232,1004,231,1004,230,1004,229,1004,228,1003,227,1002,226,1001,225,1000,224,999,224,998,224,997,223,996,223,995,223
233,226,232,227,231,227,230,228,229,229,229,230,228,231,228,232,228,233,227,234,228,235,228,236,228,237,229,238,229,239,230,240,231,240,232,241,233,241,234,241,235,241,236,241,237,241,238,240,239,239,240,238,241,237,241,236,241,235,241,234,241,233,241,232,241,231,241,230,240,229,240,228,239,227,238,227,237,226,236,226,235,226,234,226
661,230,660,231,659,231,658,232,657,233,656,234,656,235,655,236,655,237,655,238,655,239,656,240,656,241,657,242,658,243,659,243,660,244,661,244,662,244,663,244,664,244,665,243,666,243,667,242,667,241,668,240,668,239,669,238,669,237,669,236,668,235,668,234,668,233,667,232,666,231,665,230,664,230,663,230,662,230
564,241,563,242,562,242,561,243,560,244,560,245,560,246,559,247,559,248,560,249,560,250,561,251,562,252,563,253,564,253,565,254,566,254,567,254,568,254,569,254,570,254,571,254,572,254,573,253,574,253,575,252,576,251,576,250,576,249,576,248,576,247,576,246,576,245,575,244,574,243,573,242,572,242,571,241,570,241,569,241,568,241,567,241,566,241,565,241
739,243,738,244,737,244,736,244,735,245,734,246,734,247,733,248,733,249,733,250,733,251,733,252,734,253,734,254,735,255,736,256,737,257,738,258,739,259,740,259,741,259,742,260,743,260,744,260,745,260,746,260,747,259,748,258,749,257,750,256,750,255,750,254,750,253,750,252,750,251,750,250,749,249,749,248,748,247,747,246,746,245,745,245,744,244,743,244,742,244,741,243,740,243
797,245,796,246,795,246,794,246,793,247,792,248,791,249,791,250,790,251,790,252,790,253,790,254,790,255,790,256,791,257,792,258,793,259,794,259,795,259,796,260,797,259,798,259,799,259,800,258,801,258,802,257,803,256,804,255,805,254,805,253,805,252,805,251,805,250,805,249,804,248,804,247,803,247,802,246,801,246,800,245,799,245,798,245
85,254,84,255,83,255,82,256,82,257,81,258,81,259,80,260,80,261,80,262,80,263,80,264,80,265,81,266,81,267,82,268,82,269,83,270,84,270,85,271,86,271,87,271,88,271,89,271,90,271,91,271,92,270,93,270,94,269,95,269,96,268,96,267,97,266,97,265,98,264,98,263,98,262,98,261,98,260,98,259,97,258,97,257,96,256,95,255,94,255,93,254,92,254,91,254,90,254,89,254,88,254,87,254,86,254
867,260,866,261,865,261,864,262,863,262,863,263,862,264,862,265,861,266,861,267,861,268,861,269,862,270,862,271,863,272,864,272,865,273,866,273,867,273,868,273,869,273,870,273,871,272,872,271,872,270,873,269,873,268,873,267,873,266,873,265,872,264,872,263,871,262,870,261,869,261,868,260
395,263,394,264,393,264,392,265,391,266,390,267,390,268,390,269,389,270,389,271,390,272,390,273,391,274,392,275,393,276,394,276,395,276,396,276,397,276,398,276,399,276,400,276,401,275,402,274,403,274,403,273,404,272,404,271,404,270,404,269,404,268,404,267,404,266,403,265,402,264,401,263,400,263,399,263,398,263,397,263,396,263
1000,280,999,281,998,281,997,282,997,283,996,284,996,285,996,286,996,287,997,288,997,289,998,290,999,291,1000,292,1001,293,1002,293,1003,293,1004,293,1005,293,1006,293,1007,292,1008,291,1009,290,1009,289,1009,288,1009,287,1009,286,1009,285,1009,284,1008,283,1007,282,1006,281,1005,281,1004,280,1003,280,1002,280,1001,280
884,282,883,283,882,283,881,284,880,285,879,286,879,287,879,288,879,289,880,290,880,291,881,292,882,293,883,293,884,294,885,294,886,294,887,294,888,295,889,295,890,295,891,295,892,294,893,294,894,293,894,292,895,291,895,290,895,289,894,288,894,287,893,286,892,285,891,284,890,283,889,283,888,283,887,282,886,282,885,282
71,288,70,289,69,289,68,290,67,290,66,291,66,292,65,293,65,294,64,295,64,296,64,297,64,298,64,299,65,300,65,301,66,302,67,303,68,304,69,305,70,305,71,306,72,306,73,306,74,307,75,307,76,307,77,306,78,306,79,306,80,305,81,304,81,303,82,302,82,301,82,300,82,299,82,298,82,297,81,296,81,295,81,294,80,293,79,292,78,291,78,290,77,290,76,289,75,289,74,288,73,288,72,288
769,303,768,304,767,304,766,304,765,305,764,306,764,307,763,308,763,309,763,310,763,311,763,312,763,313,763,314,764,315,764,316,765,317,766,317,767,318,768,318,769,318,770,318,771,318,772,318,773,318,774,317,775,317,776,316,777,315,778,314,778,313,778,312,779,311,778,310,778,309,778,308,778,307,777,306,776,305,775,304,774,304,773,303,772,303,771,303,770,303
267,308,266,309,265,309,264,309,263,310,262,310,261,311,260,312,259,313,258,314,258,315,258,316,257,317,257,318,257,319,258,320,258,321,258,322,259,323,260,324,261,325,262,325,263,325,264,326,265,326,266,326,267,326,268,326,269,325,270,325,271,325,272,324,273,323,274,322,275,321,275,320,275,319,276,318,276,317,276,316,276,315,276,314,276,313,275,312,275,311,274,310,273,309,272,309,271,309,270,308,269,308,268,308
205,330,204,331,203,331,202,332,201,332,200,333,199,334,199,335,198,336,198,337,198,338,197,339,197,340,197,341,198,342,198,343,198,344,199,345,200,346,200,347,201,348,201,349,202,350,203,351,203,352,204,352,205,353,206,354,207,354,208,355,209,355,210,356,211,356,212,356,213,356,214,356,215,356,216,355,217,354,218,354,219,353,220,352,221,351,221,350,222,349,222,348,223,347,223,346,224,345,224,344,224,343,224,342,224,341,223,340,223,339,222,338,221,337,220,336,219,335,218,334,217,333,216,332,215,332,214,331,213,331,212,331,211,330,210,330,209,330,208,330,207,330,206,330
97,334,96,335,95,335,94,335,93,336,92,337,92,338,92,339,91,340,92,341,92,342,92,343,93,344,94,345,95,346,96,347,97,347,98,348,99,348,100,348,101,348,102,348,103,347,104,347,105,346,106,345,107,344,107,343,107,342,107,341,106,340,106,339,106,338,105,337,104,336,103,336,102,335,101,335,100,335,99,334,98,334
564,342,563,343,562,344,561,345,561,346,561,347,561,348,562,349,562,350,563,351,564,351,565,352,566,352,567,352,568,352,569,352,570,352,571,352,572,351,573,351,573,350,574,349,574,348,574,347,574,346,573,345,573,344,572,343,571,343,570,342,569,342,568,342,567,342,566,342,565,342
369,358,368,359,367,359,366,360,365,361,364,361,363,362,363,363,363,364,363,365,363,366,363,367,363,368,363,369,363,370,364,371,364,372,365,373,366,374,367,374,368,375,369,375,370,375,371,375,372,375,373,375,374,375,375,374,376,373,377,372,378,371,378,370,378,369,378,368,378,367,377,367,376,366,377,365,378,365,378,364,378,363,377,362,376,361,375,360,374,359,373,359,372,359,371,358,370,358
452,387,451,388,450,388,449,388,448,389,447,389,446,390,445,391,444,392,443,393,443,394,443,395,443,396,443,397,443,398,443,399,444,400,445,400,446,401,447,401,448,401,449,401,450,401,451,401,452,401,453,400,454,399,455,398,456,397,457,396,457,395,457,394,457,393,457,392,457,391,457,390,456,389,455,388,454,388,453,388
143,397,142,398,141,398,140,399,139,399,138,400,137,401,137,402,136,403,136,404,136,405,136,406,137,407,137,408,138,409,139,410,140,410,141,411,142,412,143,412,144,412,145,412,146,412,147,412,148,412,149,412,150,412,151,411,152,411,153,411,154,410,155,409,155,408,156,407,156,406,156,405,156,404,156,403,156,402,155,401,155,400,154,399,153,399,152,398,151,398,150,397,149,397,148,397,147,397,146,397,145,397,144,397
301,399,300,400,299,400,298,401,297,402,296,403,296,404,295,405,295,406,295,407,295,408,295,409,295,410,295,411,295,412,295,413,296,414,297,415,297,416,298,416,299,417,300,417,301,418,302,418,303,418,304,418,305,418,306,417,307,417,308,416,309,416,310,415,310,414,311,413,312,412,312,411,312,410,312,409,311,408,312,407,312,406,312,405,312,404,311,403,310,402,309,401,308,400,307,400,306,399,305,399,304,399,303,399,302,399
367,401,366,402,365,402,364,403,363,404,362,405,362,406,361,407,361,408,361,409,361,410,361,411,362,412,362,413,363,414,364,414,365,415,366,415,367,415,368,415,369,415,370,415,371,414,372,414,373,413,374,413,374,412,375,411,376,410,376,409,376,408,376,407,376,406,376,405,375,404,374,403,373,402,372,401,371,401,370,401,369,401,368,401
934,402,933,403,932,403,931,403,930,404,929,405,928,406,927,407,927,408,926,409,926,410,926,411,926,412,926,413,926,414,926,415,926,416,927,417,928,418,929,419,930,420,931,420,932,420,933,421,934,421,935,420,936,420,937,420,938,419,939,418,940,417,941,416,941,415,942,414,942,413,942,412,942,411,942,410,942,409,942,408,942,407,941,406,941,405,940,404,939,403,938,403,937,403,936,402,935,402
25,411,24,412,23,412,22,413,21,414,21,415,20,416,20,417,20,418,19,419,19,420,20,421,20,422,21,423,22,424,23,425,24,425,25,425,26,425,27,425,28,425,29,424,30,424,31,423,32,422,32,421,33,420,33,419,33,418,33,417,33,416,32,415,32,414,31,413,30,412,29,412,28,411,27,411,26,411
167,412,166,413,165,413,164,413,163,414,162,414,161,415,160,416,159,416,158,417,158,418,157,419,157,420,157,421,157,422,156,423,156,424,156,425,156,426,156,427,156,428,156,429,157,430,158,431,158,432,159,433,160,433,161,434,162,435,163,435,164,435,165,435,166,435,167,435,168,435,169,435,170,435,171,434,172,433,173,433,174,432,175,431,176,430,177,429,177,428,178,427,178,426,179,425,179,424,179,423,179,422,179,421,179,420,179,419,179,418,178,417,178,416,177,415,177,414,176,414,175,413,174,413,173,413,172,413,171,412,170,412,169,412,168,412
683,414,682,415,681,415,680,416,679,416,678,417,678,418,677,419,677,420,676,421,676,422,676,423,676,424,676,425,676,426,677,427,677,428,678,429,679,430,680,431,681,431,682,432,683,433,684,433,685,434,686,434,687,434,688,434,689,434,690,434,691,433,692,433,693,432,694,431,694,430,694,429,695,428,695,427,695,426,695,425,695,424,694,423,694,422,694,421,693,420,693,419,692,418,692,417,691,416,690,416,689,415,688,415,687,414,686,414,685,414,684,414
226,416,225,417,224,417,223,418,222,419,221,420,221,421,221,422,221,423,221,424,221,425,221,426,221,427,221,428,221,429,222,430,222,431,223,432,223,433,224,434,224,435,225,436,226,437,227,437,228,438,229,438,230,439,231,439,232,439,233,439,234,439,235,438,236,438,237,437,238,437,238,436,239,435,239,434,239,433,239,432,240,431,239,430,239,429,239,428,239,427,239,426,239,425,238,424,238,423,238,422,237,421,236,420,235,419,234,418,233,417,232,417,231,416,230,416,229,416,228,416,227,416
366,421,365,422,364,422,363,422,362,423,361,424,361,425,360,426,360,427,360,428,360,429,361,430,361,431,362,432,363,433,364,434,365,435,366,435,367,435,368,436,369,436,370,436,371,436,372,436,373,435,374,435,375,434,376,433,377,432,377,431,377,430,377,429,377,428,377,427,376,426,376,425,375,424,374,423,373,423,372,422,371,422,370,422,369,421,368,421,367,421
620,424,619,425,618,425,617,426,616,426,615,427,614,428,614,429,613,430,613,431,612,432,612,433,612,434,612,435,613,436,613,437,614,438,615,439,616,440,617,440,618,440,619,440,620,440,621,440,622,440,623,440,624,439,625,439,626,438,627,438,628,437,629,437,630,436,630,435,631,434,631,433,632,432,632,431,631,430,631,429,631,428,630,427,629,426,628,425,627,425,626,425,625,424,624,424,623,424,622,424,621,424
419,445,418,446,417,446,416,447,415,447,414,448,413,449,413,450,412,451,412,452,411,453,411,454,411,455,412,456,412,457,413,458,414,459,415,460,416,460,417,460,418,460,419,460,420,460,421,460,422,459,423,458,424,458,424,457,425,456,426,455,426,454,427,453,427,452,427,451,426,450,426,449,425,448,424,447,423,446,422,446,421,445,420,445
206,448,205,449,204,449,203,450,202,451,201,452,200,453,200,454,199,455,199,456,199,457,199,458,199,459,200,460,201,461,201,462,202,462,203,463,204,463,205,464,206,464,207,464,208,464,209,464,210,463,211,463,212,462,213,462,214,461,215,460,215,459,215,458,216,457,216,456,216,455,216,454,216,453,215,452,215,451,214,450,213,449,212,449,211,448,210,448,209,448,208,448,207,448
755,448,754,449,753,449,752,450,751,451,750,452,749,453,749,454,749,455,749,456,749,457,750,458,750,459,751,460,752,460,753,461,754,461,755,461,756,461,757,461,758,461,759,460,760,460,761,459,762,458,763,457,763,456,763,455,763,454,763,453,763,452,763,451,762,450,761,449,760,449,759,448,758,448,757,448,756,448
91,456,90,457,89,457,88,457,87,458,86,459,85,460,84,461,84,462,84,463,83,464,83,465,83,466,83,467,84,468,84,469,85,470,86,470,87,471,88,471,89,471,90,472,91,472,92,472,93,472,94,471,95,471,96,471,97,470,98,469,99,468,99,467,99,466,100,465,99,464,99,463,99,462,98,461,98,460,97,459,96,458,95,457,94,457,93,457,92,456
986,464,985,465,984,465,983,466,983,467,983,468,983,469,983,470,983,471,983,472,983,473,984,474,984,475,985,476,986,477,987,478,988,479,989,479,990,479,991,479,992,478,993,478,994,477,994,476,995,475,995,474,995,473,995,472,995,471,994,470,994,469,993,468,993,467,992,466,991,466,990,465,989,465,988,464,987,464
908,479,907,480,906,480,905,481,904,482,903,483,903,484,903,485,902,486,902,487,903,488,903,489,903,490,904,491,905,492,906,493,907,493,908,494,909,495,910,495,911,495,912,495,913,495,914,495,915,495,916,494,917,494,917,493,918,492,919,491,919,490,919,489,919,488,919,487,919,486,919,485,918,484,918,483,917,482,916,481,915,480,914,480,913,480,912,479,911,479,910,479,909,479
244,482,243,483,242,483,241,484,240,485,239,486,238,487,237,488,236,489,236,490,236,491,235,492,236,493,236,494,236,495,237,496,238,497,239,497,240,498,241,498,242,498,243,498,244,498,245,497,246,496,247,495,247,494,248,493,248,492,249,491,249,490,249,489,249,488,249,487,249,486,249,485,248,484,248,483,247,482,246,482,245,482
189,504,188,505,187,505,186,506,185,507,185,508,184,509,184,510,184,511,184,512,185,513,185,514,186,515,187,516,188,517,189,517,190,518,191,518,192,519,193,519,194,519,195,519,196,519,197,519,198,518,199,518,200,517,200,516,201,515,201,514,201,513,201,512,201,511,200,510,200,509,199,508,198,507,197,506,196,505,195,505,194,504,193,504,192,504,191,504,190,504
98,538,97,539,96,540,95,541,95,542,94,543,94,544,94,545,94,546,94,547,94,548,94,549,95,550,96,551,97,552,98,553,99,553,100,553,101,553,102,553,103,552,104,552,105,551,106,550,106,549,107,548,107,547,108,546,108,545,108,544,108,543,108,542,107,541,107,540,106,539,105,539,104,538,103,538,102,538,101,538,100,538,99,538
518,546,517,547,516,547,515,548,514,549,514,550,514,551,514,552,514,553,514,554,515,555,516,556,516,557,517,558,518,558,519,559,520,559,521,559,522,559,523,559,524,559,525,558,526,558,527,557,528,556,528,555,528,554,528,553,528,552,528,551,527,550,526,549,525,548,524,547,523,547,522,547,521,546,520,546,519,546
499,547,498,548,497,549,496,550,496,551,496,552,496,553,496,554,496,555,497,556,497,557,498,558,499,559,500,560,501,561,502,561,503,561,504,562,505,562,506,562,507,561,508,561,509,560,510,559,510,558,510,557,510,556,510,555,510,554,509,553,509,552,508,551,507,550,506,549,505,548,504,548,503,548,502,547,501,547,500,547
747,568,746,569,745,569,744,570,743,571,743,572,742,573,742,574,742,575,742,576,742,577,743,578,743,579,744,580,745,581,746,581,747,582,748,582,749,582,750,582,751,582,752,581,753,581,754,580,754,579,755,578,755,577,755,576,755,575,755,574,755,573,755,572,754,571,754,570,753,569,752,569,751,568,750,568,749,568,748,568
973,571,972,572,971,572,970,573,970,574,969,575,969,576,968,577,968,578,968,579,968,580,969,581,969,582,970,583,971,584,971,585,972,585,973,586,974,587,975,587,976,588,977,588,978,588,979,588,980,587,981,587,982,586,982,585,983,584,983,583,984,582,984,581,984,580,984,579,984,578,984,577,983,576,983,575,982,574,981,573,980,572,979,572,978,571,977,571,976,571,975,571,974,571
202,600,201,601,200,602,200,603,200,604,200,605,200,606,200,607,200,608,201,609,201,610,202,611,203,612,204,612,205,613,206,613,207,613,208,614,209,614,210,614,211,614,212,614,213,614,214,613,215,613,216,612,217,611,217,610,217,609,217,608,217,607,216,606,216,605,215,604,214,603,213,603,212,602,211,602,210,601,209,601,208,601,207,600,206,600,205,600,204,600,203,600
528,601,527,602,527,603,526,604,526,605,526,606,526,607,526,608,526,609,526,610,527,611,528,612,528,613,528,614,529,615,530,616,530,617,531,618,532,619,532,620,532,621,533,622,534,622,535,623,536,624,537,624,538,624,539,624,540,624,541,625,542,624,543,624,544,624,545,624,546,623,547,623,548,622,549,621,549,620,550,619,550,618,550,617,550,616,550,615,549,614,549,613,548,612,548,611,547,610,546,609,545,609,544,608,543,607,542,607,541,607,540,606,539,606,538,606,537,606,536,605,535,604,534,603,533,603,532,602,531,601,530,601,529,601
993,622,992,623,991,623,990,623,989,624,988,625,987,626,986,627,986,628,986,629,985,630,986,631,986,632,986,633,987,634,988,635,989,636,990,636,991,637,992,637,993,637,994,638,995,638,996,638,997,638,998,638,999,637,1000,637,1001,637,1002,636,1003,635,1003,634,1004,633,1004,632,1004,631,1004,630,1004,629,1004,628,1003,627,1002,626,1002,625,1001,625,1000,624,999,623,998,623,997,623,996,622,995,622,994,622
672,625,671,626,670,626,669,627,668,627,667,628,667,629,666,630,666,631,665,632,665,633,665,634,666,635,666,636,667,637,667,638,668,639,669,640,670,640,671,641,672,641,673,642,674,642,675,642,676,642,677,642,678,641,679,641,680,641,681,640,682,639,682,638,683,637,683,636,683,635,683,634,682,633,682,632,682,631,681,630,681,629,680,628,679,627,678,626,677,626,676,626,675,625,674,625,673,625
328,630,327,631,326,632,325,633,325,634,324,635,324,636,325,637,325,638,325,639,326,640,326,641,327,642,328,642,329,643,330,643,331,643,332,643,333,643,334,643,335,643,336,642,337,641,338,640,338,639,338,638,338,637,338,636,338,635,337,634,337,633,336,632,335,631,334,631,333,631,332,630,331,630,330,630,329,630
208,637,207,638,206,639,205,640,205,641,204,642,204,643,204,644,204,645,204,646,204,647,205,648,206,649,207,649,208,649,209,650,210,650,211,650,212,650,213,651,214,651,215,651,216,651,216,650,217,649,217,648,218,647,218,646,218,645,219,644,219,643,218,642,218,641,218,640,217,639,216,638,215,638,214,637,213,637,212,637,211,637,210,637,209,637
81,641,80,642,79,642,78,642,77,643,76,643,75,644,74,644,73,644,72,645,71,645,70,646,69,647,68,648,68,649,67,650,67,651,67,652,66,653,66,654,66,655,66,656,66,657,66,658,67,659,67,660,67,661,67,662,68,663,69,664,70,664,71,665,72,665,73,665,74,666,75,666,76,666,77,667,78,667,79,667,80,667,81,667,82,666,83,666,84,666,85,665,86,664,87,664,87,663,88,662,89,661,90,660,91,659,91,658,92,657,93,656,93,655,93,654,93,653,93,652,93,651,93,650,93,649,93,648,92,647,92,646,91,645,90,644,89,643,88,642,87,642,86,642,85,642,84,641,83,641,82,641
518,644,517,645,516,645,515,645,514,646,513,647,512,648,512,649,511,650,511,651,510,652,509,653,509,654,508,655,508,656,507,657,507,658,506,659,506,660,506,661,507,662,507,663,507,664,508,665,509,666,510,667,511,668,512,668,513,669,514,669,515,669,516,669,517,669,518,668,519,668,520,668,521,667,522,666,523,665,524,664,525,663,526,662,526,661,527,660,528,659,529,658,529,657,530,656,530,655,530,654,530,653,530,652,530,651,530,650,530,649,529,648,528,647,527,646,526,645,525,645,524,644,523,644,522,644,521,644,520,644,519,644
205,649,205,650,204,651,203,652,202,652,201,653,201,654,201,655,202,656,203,657,203,658,204,659,204,660,205,661,206,662,207,663,208,664,209,664,210,664,211,665,212,664,213,664,214,664,215,663,216,662,217,661,217,660,217,659,218,658,218,657,217,656,217,655,217,654,216,653,216,652,215,652,214,652,213,652,212,652,211,651,210,651,209,651,208,650,207,650,206,650
175,654,174,655,173,655,172,655,171,656,170,657,169,658,168,658,167,659,166,660,165,661,166,662,167,663,167,664,167,665,167,666,168,667,169,667,170,668,171,668,172,668,173,668,174,668,175,668,176,668,177,667,178,666,179,665,179,664,180,663,180,662,180,661,180,660,180,659,180,658,180,657,179,656,178,655,177,655,176,654
459,663,458,664,457,664,456,665,455,666,455,667,454,668,454,669,454,670,454,671,454,672,454,673,454,674,455,675,455,676,456,677,457,678,458,679,459,679,460,680,461,680,462,680,463,680,464,680,465,680,466,680,467,679,468,679,469,678,469,677,470,676,470,675,470,674,470,673,470,672,470,671,469,670,469,669,469,668,468,667,468,666,467,665,466,664,465,664,464,663,463,663,462,663,461,663,460,663
868,664,867,665,866,665,865,665,864,665,863,665,862,665,861,665,860,665,859,666,858,666,857,666,856,666,855,666,854,667,853,667,852,668,851,668,850,669,849,670,848,671,847,671,846,672,845,672,844,673,843,673,842,673,841,673,840,674,839,674,838,675,837,676,838,677,838,678,839,679,840,680,841,681,842,681,843,681,844,682,845,682,846,682,847,682,848,682,849,683,850,683,851,683,852,683,853,683,854,683,855,683,856,683,857,684,858,684,859,684,860,684,861,684,862,684,863,684,864,684,865,684,866,684,867,684,868,684,869,684,870,684,871,684,872,684,873,683,874,683,875,682,876,681,877,680,878,679,878,678,878,677,879,676,879,675,879,674,879,673,879,672,879,671,879,670,878,669,878,668,877,667,876,666,875,666,874,665,873,665,872,665,871,664,870,664,869,664
55,666,54,667,53,667,52,668,51,669,51,670,50,671,49,672,50,673,50,674,51,675,51,676,51,677,52,678,52,679,52,680,52,681,53,682,53,683,53,684,53,685,54,686,54,687,55,687,56,688,57,689,58,689,59,690,60,690,61,690,62,690,63,690,64,690,65,690,66,690,67,689,68,689,69,688,70,687,71,687,71,686,72,685,73,684,73,683,73,682,73,681,73,680,73,679,72,678,73,677,73,676,73,675,73,674,72,673,71,672,71,671,70,670,69,669,68,669,67,668,66,668,65,668,64,667,63,667,62,667,61,667,60,666,59,666,58,666,57,666,56,666
954,670,953,671,952,672,951,673,951,674,950,675,950,676,950,677,950,678,951,679,951,680,952,681,953,682,954,683,955,683,956,683,957,683,958,683,959,683,960,683,961,682,962,682,963,681,964,680,964,679,965,678,965,677,965,676,965,675,965,674,964,673,963,672,962,671,961,670,960,670,959,670,958,670,957,670,956,670,955,670
42,672,41,673,40,673,39,673,38,674,37,674,36,675,36,676,35,677,35,678,34,679,34,680,34,681,34,682,34,683,34,684,34,685,33,686,34,687,35,688,36,688,37,689,38,690,39,690,40,690,41,690,42,690,43,690,44,690,45,690,46,690,47,689,48,689,49,688,50,688,51,687,52,686,53,686,52,685,52,684,52,683,52,682,51,681,51,680,51,679,51,678,50,677,50,676,50,675,49,674,49,673,48,673,47,673,46,673,45,672,44,672,43,672
113,682,112,683,111,683,110,684,109,685,108,686,108,687,107,688,107,689,107,690,108,691,108,692,109,693,110,694,111,695,112,695,113,696,114,696,115,696,116,697,117,697,118,697,119,697,120,696,121,696,122,696,123,695,124,694,125,693,126,692,126,691,126,690,126,689,126,688,126,687,125,686,125,685,124,684,123,684,122,683,121,683,120,682,119,682,118,682,117,682,116,682,115,682,114,682
735,684,734,685,733,686,732,687,731,688,731,689,731,690,731,691,731,692,731,693,732,694,732,695,733,696,734,697,735,698,736,699,737,699,738,699,739,700,740,700,741,700,742,700,743,699,744,699,745,698,746,697,747,696,747,695,747,694,747,693,747,692,747,691,747,690,747,689,746,688,745,687,745,686,744,686,743,685,742,685,741,684,740,684,739,684,738,684,737,684,736,684
770,686,769,687,768,687,767,688,767,689,766,690,766,691,766,692,766,693,766,694,766,695,766,696,767,697,768,698,769,699,770,699,771,699,772,700,773,699,774,699,775,699,776,698,777,697,778,696,778,695,778,694,779,693,778,692,778,691,778,690,777,689,776,688,775,687,774,686,773,686,772,686,771,686
62,692,61,693,60,693,59,693,58,694,57,694,56,695,55,696,54,697,54,698,53,699,53,700,53,701,53,702,54,703,54,704,55,705,56,706,57,707,58,708,59,708,60,709,61,709,62,709,63,709,64,709,65,709,66,708,67,708,68,707,69,706,70,706,70,705,71,704,72,703,73,702,73,701,74,700,74,699,74,698,73,697,73,696,72,695,71,694,70,694,69,694,68,693,67,693,66,693,65,693,64,692,63,692
566,696,565,697,564,698,563,699,562,700,562,701,561,702,561,703,561,704,561,705,561,706,561,707,561,708,562,709,563,710,564,711,565,712,566,712,567,712,568,712,569,712,570,712,571,712,572,712,573,711,574,711,575,710,576,709,576,708,577,707,577,706,577,705,577,704,577,703,577,702,577,701,577,700,576,699,576,698,575,697,574,697,573,696,572,696,571,696,570,696,569,696,568,696,567,696
124,711,123,712,122,712,121,713,121,714,120,715,120,716,119,717,119,718,120,719,120,720,120,721,121,722,122,723,123,724,124,724,125,725,126,725,127,726,128,726,129,726,130,725,131,725,132,725,133,724,134,723,135,722,135,721,136,720,136,719,136,718,136,717,135,716,135,715,134,714,133,713,132,712,131,712,130,711,129,711,128,711,127,711,126,711,125,711
56,712,55,713,54,713,53,713,52,713,51,714,50,714,49,715,48,716,47,717,47,718,47,719,46,720,46,721,47,722,47,723,47,724,47,725,48,726,48,727,49,728,49,729,50,730,51,731,52,732,53,733,54,733,55,734,56,734,57,734,58,734,59,734,60,735,61,735,62,735,63,734,64,734,65,734,66,734,67,733,68,733,69,732,70,731,71,730,72,730,73,729,73,728,74,727,74,726,75,725,75,724,75,723,75,722,75,721,75,720,74,719,74,718,73,717,72,716,71,715,70,714,69,714,68,713,67,713,66,713,65,713,64,713,63,712,62,712,61,712,60,712,59,712,58,712,57,712
1011,715,1010,716,1009,716,1008,717,1007,717,1006,718,1006,719,1005,720,1005,721,1005,722,1005,723,1005,724,1005,725,1005,726,1006,727,1007,728,1008,729,1009,729,1010,730,1011,730,1012,730,1013,730,1014,730,1015,730,1016,729,1017,729,1018,728,1019,727,1019,726,1020,725,1020,724,1020,723,1020,722,1020,721,1020,720,1019,719,1018,718,1017,717,1016,716,1015,716,1014,716,1013,715,1012,715
793,717,792,718,791,718,790,718,789,719,788,719,787,720,787,721,786,722,786,723,786,724,786,725,786,726,786,727,787,728,788,729,789,730,790,731,791,731,792,731,793,732,794,732,795,732,796,732,797,732,798,732,799,732,800,732,801,731,802,731,803,730,804,730,804,729,805,728,806,727,806,726,806,725,806,724,805,723,805,722,804,721,803,721,802,720,801,720,800,719,799,719,798,718,797,718,796,718,795,718,794,717
893,721,892,722,891,722,890,723,889,724,889,725,888,726,888,727,888,728,887,729,887,730,888,731,888,732,889,733,890,734,891,735,892,736,893,736,894,737,895,737,896,737,897,737,898,737,899,737,900,736,901,736,902,735,903,734,904,733,904,732,904,731,905,730,905,729,905,728,905,727,905,726,904,725,904,724,903,723,902,722,901,722,900,721,899,721,898,721,897,721,896,721,895,721,894,721
725,727,724,728,723,729,722,730,722,731,722,732,722,733,723,734,723,735,724,736,725,737,726,738,727,739,728,740,729,740,730,740,731,740,732,740,733,740,734,739,735,739,735,738,736,737,736,736,736,735,736,734,736,733,735,732,735,731,734,730,733,729,732,729,731,728,730,727,729,727,728,727,727,727,726,727
639,740,638,741,637,741,636,742,635,743,635,744,634,745,634,746,634,747,634,748,634,749,634,750,634,751,635,752,635,753,636,754,637,755,638,756,639,756,640,757,641,757,642,757,643,757,644,757,645,756,646,756,647,755,648,754,649,753,649,752,650,751,650,750,650,749,650,748,650,747,650,746,649,745,649,744,648,743,648,742,647,741,646,741,645,740,644,740,643,740,642,740,641,740,640,740
126,747,125,748,124,748,123,749,123,750,122,751,122,752,122,753,122,754,122,755,122,756,122,757,122,758,123,759,123,760,124,761,125,762,126,762,127,763,128,763,129,763,130,763,131,763,132,763,133,762,134,761,134,760,135,759,135,758,136,757,136,756,136,755,136,754,136,753,135,752,135,751,135,750,134,749,133,748,132,748,131,747,130,747,129,747,128,747,127,747
1002,760,1001,761,1000,761,999,762,998,762,998,763,997,764,997,765,997,766,997,767,997,768,997,769,998,770,998,771,999,772,1000,773,1001,774,1002,774,1003,775,1004,775,1005,776,1006,776,1007,776,1008,776,1009,776,1010,776,1011,775,1012,775,1013,774,1014,773,1015,772,1015,771,1016,770,1016,769,1016,768,1016,767,1016,766,1016,765,1015,764,1015,763,1014,762,1013,762,1012,761,1011,761,1010,761,1009,761,1008,761,1007,760,1006,760,1005,760,1004,760,1003,760
683,771,682,772,681,772,680,772,679,772,678,773,677,774,676,775,675,776,675,777,674,778,674,779,674,780,673,781,673,782,673,783,673,784,674,785,674,786,674,787,675,788,676,789,677,790,678,791,679,791,680,792,681,792,682,792,683,792,684,792,685,791,686,791,687,791,688,790,689,789,690,788,691,787,691,786,692,785,692,784,692,783,692,782,693,781,692,780,692,779,692,778,692,777,691,776,690,775,690,774,689,773,688,773,687,772,686,772,685,772,684,772
894,789,893,790,892,790,891,791,890,792,890,793,889,794,889,795,889,796,889,797,889,798,890,799,890,800,891,801,892,802,893,803,894,803,895,803,896,803,897,803,898,803,899,802,900,801,901,800,902,799,902,798,902,797,903,796,903,795,902,794,902,793,902,792,901,791,900,790,899,789,898,789,897,789,896,789,895,789
984,793,983,794,982,795,981,796,981,797,981,798,981,799,981,800,982,801,982,802,983,803,983,804,984,805,985,806,986,807,987,808,988,809,989,809,990,809,991,809,992,808,993,807,994,806,994,805,994,804,994,803,994,802,994,801,994,800,994,799,994,798,993,797,993,796,992,795,991,794,990,794,989,793,988,793,987,793,986,793,985,793
53,806,52,807,51,807,50,808,49,808,48,809,47,810,46,811,46,812,46,813,46,814,46,815,46,816,46,817,47,818,47,819,48,820,49,820,50,821,51,821,52,821,53,821,54,821,55,821,56,821,57,820,58,820,59,819,60,818,61,817,61,816,62,815,62,814,62,813,62,812,62,811,62,810,61,809,61,808,60,807,59,806,58,806,57,806,56,806,55,806,54,806
202,815,201,816,200,817,199,818,198,819,198,820,198,821,198,822,198,823,198,824,198,825,199,826,199,827,200,828,201,829,202,830,203,830,204,831,205,831,206,831,207,831,208,831,209,831,210,831,211,830,212,830,213,829,214,828,214,827,214,826,215,825,215,824,215,823,215,822,215,821,215,820,214,819,214,818,213,818,212,817,211,816,210,816,209,815,208,815,207,815,206,815,205,815,204,815,203,815
983,831,982,832,981,833,980,834,980,835,979,836,979,837,979,838,980,839,980,840,980,841,981,842,982,842,983,843,984,843,985,844,986,844,987,843,988,843,989,843,990,842,991,841,991,840,992,839,992,838,992,837,992,836,992,835,992,834,991,833,990,832,989,832,988,831,987,831,986,831,985,831,984,831
603,836,602,837,601,837,600,837,599,838,598,838,597,839,597,840,596,841,596,842,596,843,596,844,596,845,596,846,597,847,597,848,598,849,599,849,600,849,601,850,602,850,603,850,604,850,605,849,606,849,607,848,608,848,609,847,609,846,610,845,610,844,610,843,611,842,610,841,610,840,609,839,609,838,608,838,607,837,606,837,605,836,604,836
432,840,431,841,430,842,429,843,429,844,428,845,428,846,428,847,428,848,428,849,428,850,429,851,429,852,430,853,430,854,431,854,432,855,433,856,434,856,435,856,436,857,437,857,438,856,439,856,440,856,441,855,442,854,443,853,443,852,443,851,443,850,443,849,443,848,443,847,443,846,442,845,442,844,441,843,440,842,439,841,438,841,437,840,436,840,435,840,434,840,433,840
160,845,159,846,158,846,157,847,156,848,156,849,155,850,155,851,155,852,155,853,155,854,156,855,156,856,157,857,158,858,159,858,160,858,161,859,162,859,163,859,164,859,165,858,166,858,167,858,168,857,169,857,170,856,171,855,171,854,172,853,172,852,172,851,172,850,172,849,171,848,171,847,170,846,169,846,168,845,167,845,166,845,165,845,164,845,163,845,162,845,161,845
658,852,657,853,656,854,655,854,654,855,653,856,652,857,651,858,651,859,650,860,650,861,650,862,650,863,650,864,650,865,650,866,651,867,651,868,652,869,653,870,654,871,655,871,656,871,657,872,658,872,659,872,660,872,661,872,662,871,663,871,664,871,665,871,666,870,667,869,668,869,669,868,670,867,671,866,671,865,672,864,672,863,672,862,671,861,672,860,672,859,671,858,671,857,670,856,669,855,668,854,667,853,666,853,665,853,664,852,663,852,662,852,661,852,660,852,659,852
114,875,113,876,112,877,111,878,110,879,109,880,109,881,108,882,108,883,108,884,107,885,107,886,107,887,107,888,108,889,108,890,109,891,110,891,111,892,112,892,113,892,114,892,115,893,116,892,117,892,118,892,119,892,120,891,121,891,122,890,123,889,124,888,125,887,125,886,126,885,126,884,126,883,126,882,126,881,126,880,125,879,125,878,124,877,123,876,122,876,121,875,120,875,119,875,118,875,117,875,116,875,115,875
527,880,526,881,525,881,524,882,523,882,522,883,521,884,521,885,520,886,520,887,520,888,520,889,520,890,521,891,521,892,522,893,523,893,524,894,525,894,526,895,527,895,528,895,529,894,530,894,531,893,532,893,533,892,534,891,534,890,535,889,535,888,535,887,535,886,534,885,534,884,533,883,533,882,532,882,531,881,530,881,529,880,528,880
309,882,308,883,307,883,306,883,305,884,304,885,303,886,303,887,302,888,302,889,302,890,302,891,302,892,302,893,303,894,304,895,304,896,305,896,306,897,307,897,308,898,309,898,310,898,311,898,312,898,313,897,314,897,315,896,316,896,317,895,317,894,318,893,318,892,318,891,318,890,318,889,318,888,318,887,317,886,316,885,316,884,315,884,314,883,313,883,312,882,311,882,310,882
806,887,805,888,804,888,803,888,802,889,801,890,801,891,800,892,800,893,800,894,800,895,800,896,800,897,801,898,801,899,802,900,803,901,804,902,805,902,806,902,807,902,808,902,809,902,810,902,811,901,812,900,813,899,814,898,814,897,814,896,814,895,814,894,814,893,814,892,814,891,813,890,812,889,811,889,810,888,809,888,808,888,807,887
643,920,642,921,641,921,640,922,639,923,639,924,638,925,638,926,638,927,638,928,638,929,638,930,639,931,640,932,640,933,641,933,642,934,643,934,644,935,645,935,646,935,647,935,648,935,649,934,650,934,651,933,652,932,652,931,652,930,653,929,653,928,652,927,652,926,652,925,651,924,650,923,650,922,649,921,648,921,647,920,646,920,645,920,644,920
399,921,398,922,397,922,396,923,395,923,394,924,394,925,393,926,393,927,392,928,392,929,392,930,392,931,392,932,392,933,393,934,394,935,395,935,396,936,397,936,398,935,399,935,400,934,401,934,402,933,402,932,403,931,403,930,404,929,404,928,404,927,404,926,404,925,403,924,403,923,402,922,401,922,400,921
590,934,589,935,588,935,587,936,586,937,586,938,585,939,585,940,585,941,585,942,585,943,586,944,586,945,587,946,588,947,589,948,590,948,591,948,592,948,593,949,594,948,595,948,596,948,597,948,598,947,599,946,600,945,600,944,601,943,601,942,601,941,601,940,601,939,600,938,600,937,599,936,598,935,597,935,596,934,595,934,594,934,593,934,592,934,591,934
692,945,691,946,690,947,689,947,689,948,688,949,687,950,687,951,687,952,687,953,687,954,687,955,687,956,687,957,687,958,688,959,688,960,689,961,690,962,691,962,692,963,693,964,694,964,695,964,696,965,697,965,698,965,699,965,700,965,701,965,702,965,703,965,704,964,705,964,706,963,707,962,707,961,707,960,707,959,707,958,708,957,708,956,707,955,708,954,707,953,708,952,707,951,706,950,705,949,704,949,703,948,702,948,701,947,700,946,699,946,698,945,697,945,696,945,695,945,694,945,693,945
674,953,673,954,672,954,671,955,670,956,670,957,669,958,668,959,668,960,668,961,668,962,668,963,668,964,668,965,668,966,669,967,670,968,671,969,672,969,673,969,674,969,675,969,676,969,677,968,678,968,679,967,680,966,681,965,681,964,682,963,682,962,682,961,682,960,682,959,682,958,682,957,681,956,680,955,679,954,678,953,677,953,676,953,675,953
333,961,332,962,331,962,330,963,330,964,329,965,329,966,330,967,330,968,331,969,332,969,333,970,334,970,335,970,336,970,337,970,338,970,339,969,340,968,340,967,341,966,341,965,340,964,340,963,339,962,338,962,337,961,336,961,335,961,334,961
341,978,340,979,339,980,338,980,338,981,337,982,336,983,336,984,336,985,336,986,336,987,336,988,336,989,337,990,337,991,338,992,338,993,339,994,339,995,340,996,340,997,340,998,341,999,341,1000,342,1001,342,1002,343,1003,344,1004,345,1005,346,1006,347,1006,348,1006,349,1006,350,1006,351,1006,352,1005,353,1004,354,1003,354,1002,355,1001,355,1000,355,999,355,998,354,997,354,996,354,995,353,994,353,993,353,992,352,991,351,990,351,989,351,988,350,987,350,986,350,985,350,984,349,983,349,982,349,981,348,980,347,979,346,978,345,978,344,978,343,978,342,978
275,1009,274,1010,273,1010,272,1011,271,1012,271,1013,270,1014,270,1015,270,1016,271,1017,271,1018,272,1019,272,1020,273,1021,274,1022,275,1022,276,1022,277,1023,278,1023,279,1023,280,1023,281,1023,282,1023,283,1023,284,1023,285,1023,286,1022,287,1022,288,1021,288,1020,288,1019,288,1018,288,1017,288,1016,288,1015,288,1014,287,1013,287,1012,286,1011,285,1011,284,1010,283,1010,282,1009,281,1009,280,1009,279,1009,278,1009,277,1009,276,1009
