261,0,260,1,260,2,259,3,259,4,259,5,259,6,259,7,259,8,260,9,260,10,261,11,262,12,263,12,264,13,265,13,266,13,267,13,268,13,269,12,270,12,271,11,272,10,272,9,273,8,273,7,273,6,273,5,273,4,272,3,272,2,271,1,270,0,269,0,268,0,267,0,266,0,265,0,264,0,263,0,262,0
351,0,350,1,349,1,348,1,347,2,347,3,347,4,347,5,347,6,348,7,348,8,349,9,350,10,351,11,352,11,353,12,354,12,355,13,356,13,357,13,358,13,359,13,360,12,361,12,362,11,363,10,363,9,364,8,364,7,364,6,364,5,364,4,363,3,363,2,362,1,361,0,360,0,359,0,358,0,357,0,356,0,355,0,354,0,353,0,352,0
713,0,712,1,711,1,710,2,709,3,708,4,708,5,707,6,707,7,707,8,706,9,707,10,707,11,707,12,707,13,708,14,709,15,710,15,711,16,712,16,713,16,714,16,715,16,716,15,717,15,718,14,719,13,720,12,720,11,721,10,721,9,721,8,721,7,721,6,721,5,721,4,720,3,720,2,719,1,718,1,717,0,716,0,715,0,714,0
534,4,533,5,532,5,531,5,530,6,529,6,528,7,527,8,526,9,525,10,525,11,526,12,525,13,525,14,525,15,526,16,527,17,528,18,529,18,530,18,531,19,532,19,533,19,534,19,535,19,536,19,537,18,538,18,539,17,540,16,541,15,541,14,542,13,542,12,542,11,542,10,542,9,542,8,541,7,540,6,539,5,538,4,537,4,536,4,535,4
75,7,74,8,73,8,72,9,71,9,71,10,70,11,70,12,70,13,70,14,71,15,71,16,72,17,73,18,74,19,75,20,76,20,77,20,78,20,79,20,80,20,81,20,82,20,83,19,84,18,85,17,85,16,86,15,86,14,86,13,85,12,85,11,84,10,83,9,82,8,81,8,80,7,79,7,78,7,77,7,76,7
670,9,669,10,668,10,667,11,667,12,666,13,666,14,666,15,667,16,667,17,668,18,669,19,670,20,671,21,672,21,673,22,674,22,675,22,676,22,677,22,678,22,679,21,680,21,680,20,681,19,681,18,681,17,681,16,681,15,681,14,681,13,680,12,679,11,678,10,677,10,676,9,675,9,674,9,673,9,672,9,671,9
196,12,195,13,194,13,193,14,192,15,192,16,191,17,191,18,191,19,191,20,191,21,192,22,192,23,193,24,194,25,195,26,196,26,197,27,198,27,199,27,200,27,201,27,202,27,203,26,204,26,205,25,206,25,207,24,207,23,208,22,208,21,208,20,208,19,208,18,208,17,207,16,207,15,206,14,205,13,204,13,203,12,202,12,201,12,200,12,199,12,198,12,197,12
791,26,790,27,789,28,788,29,787,30,787,31,787,32,787,33,787,34,787,35,787,36,787,37,788,38,789,39,790,40,791,40,792,41,793,41,794,41,795,41,796,40,797,40,798,39,799,38,800,37,801,36,801,35,802,34,802,33,802,32,802,31,801,30,800,29,800,28,799,28,798,27,797,26,796,26,795,26,794,26,793,26,792,26
404,32,403,33,402,34,401,35,400,36,400,37,400,38,399,39,399,40,400,41,400,42,400,43,401,44,402,45,403,46,404,47,405,47,406,48,407,48,408,48,409,49,410,49,411,49,412,48,413,48,414,47,415,47,416,46,416,45,417,44,417,43,417,42,418,41,418,40,418,39,417,38,417,37,416,36,416,35,415,34,414,33,413,33,412,32,411,32,410,32,409,32,408,32,407,32,406,32,405,32
963,36,962,37,961,37,960,38,959,38,958,39,957,40,957,41,956,42,956,43,955,44,955,45,955,46,956,47,956,48,957,49,958,50,959,51,960,51,961,51,962,52,963,52,964,51,965,51,966,51,967,50,968,50,969,49,970,48,971,47,971,46,971,45,971,44,972,43,971,42,971,41,971,40,970,39,969,38,968,37,967,37,966,36,965,36,964,36
495,39,494,40,493,40,492,40,491,41,490,42,489,43,489,44,489,45,488,46,488,47,488,48,488,49,488,50,489,51,489,52,490,53,491,54,492,55,493,55,494,55,495,56,496,56,497,56,498,56,499,56,500,55,501,55,502,54,503,54,504,53,505,52,505,51,505,50,506,49,506,48,506,47,506,46,505,45,505,44,504,43,504,42,503,42,502,41,501,40,500,40,499,40,498,39,497,39,496,39
180,51,179,52,178,53,177,54,177,55,176,56,176,57,176,58,176,59,176,60,177,61,177,62,178,63,179,64,180,65,181,65,182,66,183,66,184,66,185,66,186,66,187,66,188,65,189,65,190,64,191,63,191,62,191,61,192,60,192,59,192,58,192,57,191,56,191,55,190,54,189,53,188,52,187,51,186,51,185,51,184,51,183,51,182,51,181,51
709,59,708,60,707,60,706,61,705,62,705,63,705,64,705,65,705,66,705,67,705,68,706,69,707,70,708,71,709,71,710,71,711,71,712,71,713,71,714,71,715,71,716,71,717,70,718,69,718,68,719,67,719,66,719,65,718,64,718,63,717,62,716,61,715,60,714,60,713,59,712,59,711,59,710,59
303,65,302,66,301,66,300,67,299,68,298,69,298,70,298,71,297,72,297,73,297,74,297,75,298,76,298,77,299,78,300,79,301,79,302,80,303,80,304,80,305,80,306,80,307,80,308,79,309,79,310,78,311,78,312,77,313,76,314,75,314,74,314,73,315,72,315,71,314,70,314,69,313,68,312,67,311,66,310,66,309,65,308,65,307,65,306,65,305,65,304,65
989,65,988,66,987,66,986,66,985,67,984,68,983,69,982,70,982,71,982,72,982,73,983,74,983,75,984,76,985,76,986,77,987,77,988,77,989,77,990,77,991,77,992,76,993,76,994,75,995,74,995,73,995,72,995,71,995,70,995,69,995,68,994,67,993,66,992,66,991,66,990,65
352,66,351,67,350,67,349,67,348,68,347,69,346,70,346,71,345,72,345,73,346,74,346,75,347,76,348,77,349,78,350,78,351,78,352,78,353,78,354,78,355,77,356,76,357,75,358,74,358,73,359,72,359,71,358,70,358,69,357,68,356,67,355,67,354,66,353,66
127,73,126,74,125,74,124,75,123,75,122,76,121,77,121,78,120,79,120,80,120,81,121,82,121,83,122,84,123,85,124,85,125,86,126,86,127,86,128,86,129,86,130,86,131,86,132,86,133,86,134,86,135,86,136,86,137,86,138,86,139,85,140,85,141,84,141,83,141,82,141,81,141,80,141,79,140,78,139,77,138,77,137,76,136,76,135,75,134,75,133,74,132,74,131,73,130,73,129,73,128,73
423,78,422,79,421,79,420,79,419,80,418,81,417,82,416,83,416,84,415,85,414,86,414,87,413,88,413,89,413,90,412,91,412,92,412,93,412,94,412,95,412,96,413,97,413,98,414,99,414,100,415,101,415,102,416,103,417,104,418,104,419,104,420,104,421,103,422,102,423,102,424,101,425,100,426,99,426,98,427,97,428,96,429,95,430,94,430,93,431,92,431,91,432,90,432,89,432,88,433,87,433,86,433,85,433,84,432,83,432,82,431,81,431,80,430,80,429,79,428,79,427,79,426,78,425,78,424,78
5,79,4,80,3,80,2,81,1,81,1,82,1,83,0,84,0,85,0,86,0,87,0,88,0,89,0,90,0,91,0,92,0,93,0,94,0,95,0,96,1,97,1,98,1,99,2,100,3,100,4,100,5,100,6,100,7,99,8,99,9,98,10,98,11,97,12,96,12,95,13,94,14,93,14,92,15,91,15,90,16,89,16,88,16,87,16,86,16,85,16,84,15,83,15,82,14,81,13,80,12,80,11,79,10,79,9,79,8,79,7,79,6,79
590,81,589,82,588,82,587,82,586,82,585,83,584,83,583,84,582,84,581,85,580,86,579,87,579,88,579,89,580,90,580,91,581,92,582,93,582,94,583,94,584,95,585,95,586,96,587,96,588,96,589,97,590,97,591,97,592,97,593,98,594,98,595,97,596,97,597,97,598,97,599,96,600,95,601,94,601,93,601,92,602,91,602,90,602,89,601,88,601,87,600,86,600,85,599,84,598,83,597,83,596,82,595,82,594,82,593,81,592,81,591,81
835,94,834,95,833,95,832,96,831,96,831,97,830,98,829,99,829,100,829,101,829,102,829,103,829,104,829,105,830,106,830,107,831,108,832,108,833,109,834,109,835,110,836,110,837,110,838,110,839,110,840,109,841,109,842,108,843,107,844,106,844,105,845,104,845,103,845,102,845,101,845,100,844,99,844,98,843,97,842,96,841,95,840,95,839,94,838,94,837,94,836,94
444,95,443,96,442,96,441,96,440,96,439,96,438,96,437,97,436,97,435,97,434,98,433,99,432,99,431,100,430,100,429,101,429,102,428,103,428,104,427,105,427,106,427,107,427,108,427,109,427,110,428,111,429,112,429,113,430,114,431,115,432,116,433,117,434,118,435,119,436,119,437,120,438,120,439,120,440,120,441,119,442,119,443,118,444,118,444,117,445,116,446,115,446,114,446,113,446,112,446,111,446,110,446,109,446,108,446,107,446,106,446,105,446,104,447,103,447,102,447,101,447,100,447,99,447,98,447,97,446,96,445,96
357,99,356,100,355,100,354,100,353,101,352,102,351,102,350,103,349,103,349,104,349,105,348,106,348,107,348,108,348,109,348,110,349,111,349,112,349,113,350,114,351,115,352,116,353,117,354,118,355,118,356,118,357,118,358,118,359,118,360,118,361,118,362,118,363,117,364,116,365,115,366,114,366,113,366,112,367,111,367,110,367,109,367,108,367,107,367,106,366,105,366,104,365,103,365,102,364,102,363,101,362,100,361,100,360,99,359,99,358,99
513,104,512,105,511,105,510,106,510,107,509,108,509,109,509,110,509,111,509,112,510,113,511,114,512,114,513,114,514,113,515,113,516,112,517,111,518,110,519,109,519,108,519,107,519,106,519,105,518,105,517,104,516,104,515,104,514,104
215,108,214,109,213,109,212,109,211,109,210,110,209,110,208,111,207,112,206,113,206,114,206,115,206,116,205,117,205,118,206,119,206,120,207,121,207,122,208,123,209,124,210,124,211,124,212,125,213,125,214,125,215,125,216,124,217,124,218,124,219,123,220,122,221,121,221,120,222,119,222,118,222,117,222,116,222,115,222,114,222,113,221,112,221,111,220,110,219,109,218,109,217,109,216,109
69,112,68,113,67,113,66,113,65,114,64,115,63,116,62,117,62,118,62,119,62,120,62,121,62,122,62,123,63,124,63,125,64,126,65,127,66,127,67,128,68,128,69,128,70,128,71,128,72,128,73,127,74,126,75,125,76,124,76,123,76,122,76,121,76,120,76,119,76,118,76,117,75,116,75,115,74,114,73,114,72,113,71,113,70,112
685,116,684,117,683,117,682,118,681,119,680,120,680,121,680,122,679,123,679,124,680,125,680,126,680,127,681,128,682,129,683,130,684,130,685,130,686,130,687,130,688,130,689,130,690,129,691,128,692,127,692,126,692,125,693,124,693,123,693,122,692,121,692,120,691,119,690,118,689,117,688,117,687,117,686,116
302,123,301,124,300,125,299,126,299,127,298,128,298,129,298,130,298,131,298,132,298,133,298,134,298,135,299,136,300,137,301,138,302,138,303,139,304,139,305,139,306,139,307,139,308,139,309,139,310,138,311,137,312,136,313,135,313,134,314,133,314,132,314,131,314,130,314,129,313,128,313,127,312,126,311,125,310,124,309,124,308,123,307,123,306,123,305,123,304,123,303,123
389,130,388,131,387,131,386,132,385,132,384,133,384,134,383,135,382,136,382,137,381,138,381,139,381,140,381,141,381,142,381,143,381,144,381,145,382,146,382,147,383,148,384,149,385,149,386,150,387,150,388,150,389,151,390,151,391,150,392,150,393,150,394,149,395,149,396,148,397,148,398,147,398,146,399,145,400,144,400,143,401,142,401,141,401,140,401,139,402,138,402,137,402,136,403,135,402,134,402,133,401,132,400,132,399,131,398,131,397,130,396,130,395,130,394,130,393,130,392,130,391,130,390,130
426,130,425,131,424,132,423,133,422,134,422,135,422,136,421,137,421,138,421,139,421,140,421,141,422,142,422,143,422,144,422,145,422,146,421,147,420,147,420,148,419,149,419,150,419,151,419,152,419,153,419,154,420,155,421,154,421,153,422,152,422,151,423,150,423,149,424,148,425,147,426,147,427,147,428,147,429,147,430,146,431,146,432,145,433,145,434,144,435,143,435,142,436,141,436,140,437,139,437,138,437,137,437,136,436,135,436,134,435,133,434,132,433,131,432,131,431,130,430,130,429,130,428,130,427,130
132,154,131,155,130,155,129,155,128,155,127,155,126,156,125,156,124,157,124,158,123,159,123,160,122,161,122,162,122,163,123,164,123,165,123,166,124,167,125,168,126,168,127,169,128,169,129,169,130,169,131,169,132,169,133,168,134,168,135,167,135,166,136,165,136,164,136,163,136,162,136,161,136,160,136,159,135,158,135,157,134,156,134,155,133,155
777,156,776,157,775,157,774,157,773,157,772,157,771,157,770,157,769,157,768,158,767,158,767,159,766,160,765,161,765,162,764,163,764,164,764,165,764,166,765,167,765,168,766,169,767,170,768,171,769,171,770,171,771,171,772,172,773,171,774,171,775,171,776,171,777,170,778,169,779,169,780,168,780,167,781,166,782,165,782,164,782,163,782,162,781,161,781,160,780,159,780,158,780,157,779,157,778,156
418,158,417,159,416,160,415,161,414,162,413,163,413,164,413,165,412,166,412,167,412,168,412,169,413,170,413,171,413,172,414,173,414,174,415,175,416,176,417,177,418,178,419,179,420,180,420,181,421,182,422,183,423,184,424,184,425,184,426,184,427,184,428,184,429,184,430,183,431,182,431,181,432,180,433,179,433,178,434,177,434,176,434,175,434,174,434,173,434,172,434,171,434,170,434,169,433,168,433,167,432,166,431,165,430,164,429,164,428,163,427,163,426,162,425,162,424,161,423,160,422,159,421,159,420,158,419,158
888,161,887,162,886,162,885,163,884,164,884,165,884,166,884,167,884,168,884,169,885,170,886,171,887,172,888,173,889,173,890,173,891,174,892,174,893,174,894,174,895,174,896,173,897,173,898,172,899,172,899,171,900,170,900,169,900,168,900,167,900,166,899,165,899,164,898,164,897,163,896,162,895,162,894,162,893,161,892,161,891,161,890,161,889,161
350,163,349,164,348,164,347,164,346,165,345,165,344,166,343,167,343,168,343,169,343,170,343,171,343,172,343,173,344,174,345,175,346,176,347,176,348,177,349,177,350,177,351,177,352,177,353,176,354,176,355,175,356,174,356,173,357,172,357,171,357,170,357,169,357,168,357,167,356,166,356,165,355,164,354,164,353,163,352,163,351,163
716,164,715,165,714,165,713,166,712,167,711,168,710,169,710,170,710,171,709,172,709,173,710,174,710,175,710,176,711,177,711,178,712,178,713,179,714,179,715,180,716,180,717,180,718,180,719,180,720,180,721,180,722,179,723,179,724,178,725,178,726,178,727,177,728,176,728,175,728,174,728,173,727,172,727,171,727,170,726,169,726,168,725,167,724,166,723,165,722,164,721,164,720,164,719,164,718,164,717,164
77,171,76,172,75,172,74,172,73,173,72,174,71,174,70,175,70,176,69,177,69,178,69,179,69,180,69,181,69,182,69,183,70,184,70,185,71,186,72,187,73,187,74,188,75,188,76,188,77,188,78,188,79,187,80,187,81,186,82,186,83,185,84,184,84,183,85,182,85,181,85,180,85,179,85,178,85,177,85,176,84,175,83,174,82,173,81,172,80,172,79,172,78,171
788,174,787,175,786,175,785,175,784,175,783,175,782,175,781,176,780,176,779,176,778,176,777,177,776,177,775,177,774,177,773,178,772,179,771,179,770,180,770,181,769,182,768,183,767,184,766,185,766,186,765,187,764,188,764,189,763,190,763,191,763,192,763,193,763,194,763,195,764,196,764,197,765,198,766,199,767,199,768,200,769,200,770,200,771,201,772,201,773,200,774,200,775,200,776,199,777,199,778,198,779,198,780,197,781,196,782,196,783,195,784,194,784,193,785,192,785,191,786,190,787,189,788,188,789,187,790,186,790,185,791,184,792,183,793,182,794,181,795,180,796,179,796,178,797,177,797,176,796,175,795,175,794,175,793,174,792,174,791,174,790,174,789,174
476,175,475,176,474,176,473,177,472,178,471,179,471,180,470,181,470,182,469,183,469,184,469,185,469,186,469,187,470,188,470,189,471,190,471,191,472,192,473,192,474,193,475,193,476,193,477,193,478,193,479,193,480,193,481,192,482,192,483,191,484,191,484,190,485,189,486,188,486,187,487,186,487,185,487,184,487,183,487,182,486,181,486,180,486,179,485,178,484,177,483,176,482,176,481,175,480,175,479,175,478,175,477,175
388,176,387,177,386,177,385,178,384,179,383,179,382,180,381,181,381,182,380,183,380,184,380,185,380,186,381,187,381,188,382,189,383,189,384,190,385,190,386,190,387,190,388,190,389,190,390,189,391,189,392,188,393,187,394,186,394,185,394,184,395,183,395,182,395,181,395,180,394,179,394,178,393,177,392,177,391,176,390,176,389,176
18,179,17,180,16,180,15,181,14,182,13,183,13,184,13,185,12,186,12,187,12,188,12,189,13,190,13,191,13,192,14,193,15,194,16,195,17,195,18,196,19,196,20,196,21,196,22,196,23,196,24,195,25,195,26,194,27,193,28,192,29,191,29,190,30,189,30,188,30,187,30,186,30,185,29,184,29,183,28,182,28,181,27,181,26,180,25,180,24,179,23,179,22,179,21,179,20,179,19,179
975,179,974,180,973,180,972,180,971,181,970,181,969,182,968,183,968,184,967,185,967,186,967,187,966,188,966,189,967,190,967,191,967,192,968,193,969,194,970,195,971,195,972,196,973,196,974,196,975,196,976,196,977,196,978,196,979,195,980,194,981,193,982,192,983,191,983,190,983,189,984,188,984,187,983,186,983,185,983,184,982,183,982,182,981,181,980,180,979,180,978,180,977,179,976,179
350,180,349,181,348,181,347,181,346,182,345,183,344,184,343,185,342,186,342,187,342,188,342,189,342,190,342,191,342,192,343,193,344,194,345,195,346,195,347,196,348,196,349,196,350,195,351,195,352,195,353,194,354,194,355,193,356,192,357,191,358,191,358,190,359,189,359,188,359,187,359,186,359,185,359,184,358,183,358,182,357,182,356,181,355,181,354,180,353,180,352,180,351,180
546,180,545,181,544,182,543,182,543,183,542,184,542,185,542,186,541,187,542,188,542,189,542,190,543,191,543,192,544,193,545,193,546,194,547,194,548,194,549,194,550,193,551,193,552,192,553,191,554,190,554,189,554,188,554,187,554,186,554,185,554,184,554,183,553,182,552,181,551,181,550,180,549,180,548,180,547,180
1009,180,1008,181,1007,181,1006,182,1005,183,1004,184,1004,185,1004,186,1003,187,1004,188,1004,189,1004,190,1004,191,1005,192,1006,193,1006,194,1007,194,1008,195,1009,196,1010,196,1011,196,1012,196,1013,196,1014,195,1015,195,1016,194,1017,193,1017,192,1017,191,1017,190,1018,189,1018,188,1017,187,1017,186,1017,185,1016,184,1016,183,1015,182,1014,181,1013,181,1012,181,1011,180,1010,180
423,185,422,186,421,187,420,188,419,189,418,190,417,191,417,192,416,193,416,194,416,195,416,196,416,197,416,198,417,199,417,200,417,201,418,202,418,203,419,204,420,205,421,206,422,206,423,207,424,207,425,208,426,208,427,208,428,208,429,207,430,207,431,207,432,206,433,205,434,204,434,203,435,202,435,201,435,200,436,199,436,198,436,197,435,196,435,195,435,194,435,193,434,192,434,191,433,190,432,189,431,188,430,187,429,187,428,186,428,185,427,185,426,185,425,185,424,185
244,189,243,190,242,190,241,191,240,192,240,193,240,194,239,195,239,196,239,197,240,198,241,199,241,200,242,201,243,201,244,202,245,203,246,203,247,203,248,204,249,204,250,204,251,203,252,203,253,202,254,201,254,200,254,199,255,198,255,197,254,196,254,195,254,194,253,193,252,192,251,191,250,190,249,190,248,190,247,189,246,189,245,189
166,195,165,196,164,196,163,196,162,197,161,198,160,199,159,200,159,201,158,202,158,203,158,204,158,205,158,206,158,207,158,208,159,209,159,210,160,211,160,212,161,213,162,213,163,214,164,214,165,214,166,215,167,215,168,216,169,216,170,217,171,217,172,218,173,218,174,218,175,218,176,219,177,219,178,219,179,218,180,218,181,218,182,217,183,216,184,215,184,214,185,213,185,212,185,211,185,210,185,209,184,208,184,207,183,206,183,205,182,204,181,203,180,202,179,201,178,201,177,200,176,200,175,200,174,199,173,200,172,199,171,199,170,199,169,199,168,199,167,198,166,197,166,196
762,207,761,208,760,208,759,208,758,209,757,210,756,211,755,212,755,213,755,214,755,215,755,216,755,217,756,218,757,219,757,220,758,221,759,222,760,222,761,222,762,223,763,223,764,223,765,223,766,223,767,222,768,222,769,222,770,221,771,220,771,219,772,218,772,217,772,216,773,215,772,214,772,213,772,212,772,211,771,210,770,209,769,208,768,208,767,207,766,207,765,207,764,207,763,207
544,209,543,210,542,210,541,211,540,212,540,213,540,214,540,215,540,216,541,216,542,217,543,217,544,217,545,218,546,218,547,218,548,217,548,216,549,215,549,214,549,213,549,212,548,211,547,210,546,210,545,209
523,212,522,213,521,213,520,214,519,215,518,216,518,217,517,218,517,219,517,220,517,221,517,222,517,223,517,224,517,225,517,226,518,227,519,228,520,229,521,230,522,230,523,231,524,231,525,231,526,231,527,231,528,231,529,230,530,230,531,229,532,228,533,227,533,226,533,225,534,224,534,223,534,222,534,221,534,220,534,219,534,218,533,217,533,216,532,215,531,214,530,213,529,213,528,212,527,212,526,212,525,212,524,212
413,223,412,224,411,224,410,224,409,224,408,224,407,224,406,225,405,226,404,227,403,228,403,229,403,230,402,231,402,232,402,233,402,234,402,235,403,236,403,237,404,238,405,239,406,240,407,241,408,241,409,241,410,242,411,242,412,242,413,243,414,244,415,244,416,244,417,244,418,244,419,243,420,243,421,243,422,243,423,242,424,241,425,241,426,240,426,239,427,238,427,237,427,236,427,235,427,234,427,233,427,232,427,231,426,230,425,230,424,229,423,228,422,227,421,226,420,225,419,224,418,224,417,223,416,223,415,223,414,223
455,223,454,224,453,224,452,225,451,226,450,227,450,228,449,229,449,230,449,231,450,232,449,233,449,234,450,235,451,236,452,237,453,238,454,238,455,238,456,239,457,238,458,238,459,238,460,237,461,237,462,236,463,235,464,234,464,233,465,232,465,231,465,230,465,229,465,228,465,227,464,226,464,225,463,225,462,224,461,224,460,223,459,223,458,223,457,223,456,223
188,229,187,230,186,230,185,231,184,232,184,233,184,234,184,235,184,236,184,237,184,238,185,239,185,240,186,241,187,242,188,243,189,243,190,243,191,244,192,244,193,244,194,243,195,243,196,242,197,241,198,241,198,240,199,239,199,238,200,237,200,236,200,235,199,234,199,233,198,232,197,231,196,230,195,230,194,229,193,229,192,229,191,229,190,229,189,229
110,245,109,246,108,246,107,246,106,247,105,247,105,248,104,249,104,250,103,251,103,252,104,253,104,254,104,255,105,256,105,257,106,258,106,259,107,260,108,261,109,261,110,262,111,262,112,262,113,262,114,262,115,262,116,261,117,260,118,259,119,258,119,257,119,256,119,255,120,254,120,253,120,252,119,251,119,250,119,249,119,248,118,247,117,246,116,246,115,245,114,245,113,245,112,245,111,245
725,247,724,248,723,248,722,249,721,249,721,250,720,251,719,252,719,253,719,254,719,255,719,256,719,257,719,258,719,259,720,260,721,261,721,262,722,262,723,263,724,263,725,263,726,263,727,263,728,262,729,262,730,261,731,260,732,259,732,258,733,257,733,256,733,255,733,254,733,253,733,252,732,251,732,250,731,249,730,248,729,248,728,248,727,247,726,247
265,250,264,251,263,251,262,252,261,253,260,254,260,255,260,256,260,257,260,258,260,259,260,260,261,261,262,262,263,263,264,263,265,264,266,264,267,264,268,264,269,263,270,263,271,262,272,261,273,260,274,259,274,258,274,257,274,256,274,255,273,254,273,253,272,252,271,251,270,251,269,250,268,250,267,250,266,250
999,256,998,257,997,257,996,258,995,259,994,260,994,261,993,262,993,263,993,264,992,265,992,266,992,267,992,268,993,269,993,270,994,271,995,272,996,272,997,273,998,273,999,273,1000,273,1001,272,1002,272,1003,271,1004,271,1005,270,1006,269,1007,268,1008,267,1008,266,1008,265,1008,264,1008,263,1007,262,1007,261,1007,260,1006,259,1006,258,1005,257,1004,257,1003,256,1002,256,1001,256,1000,256
465,257,464,258,463,258,462,259,461,260,461,261,460,262,460,263,460,264,460,265,460,266,460,267,461,268,461,269,462,270,463,271,464,271,465,272,466,272,467,272,468,272,469,272,470,271,471,270,472,269,472,268,473,267,473,266,473,265,473,264,473,263,473,262,473,261,472,260,471,259,471,258,470,258,469,257,468,257,467,257,466,257
328,258,327,259,326,259,325,260,324,261,323,262,323,263,323,264,322,265,322,266,322,267,322,268,323,269,323,270,324,271,325,272,326,273,327,273,328,273,329,273,330,273,331,272,332,272,333,271,333,270,334,269,334,268,335,267,335,266,335,265,335,264,335,263,335,262,334,261,333,260,332,259,331,259,330,259,329,259
379,259,378,260,377,260,377,261,376,262,376,263,375,264,375,265,375,266,375,267,375,268,375,269,376,270,376,271,377,272,378,273,379,274,380,275,381,275,382,275,383,275,384,275,385,274,386,273,387,273,387,272,388,271,388,270,389,269,389,268,389,267,389,266,388,265,388,264,388,263,387,262,386,261,385,260,384,260,383,259,382,259,381,259,380,259
961,259,960,260,959,260,958,261,957,262,957,263,956,264,956,265,955,266,955,267,955,268,955,269,955,270,956,271,956,272,957,273,958,274,959,275,960,276,961,276,962,276,963,277,964,277,965,277,966,278,967,278,968,278,969,278,970,279,971,279,972,279,973,278,973,277,974,276,974,275,975,274,975,273,974,272,975,271,975,270,975,269,975,268,974,267,974,266,974,265,973,264,973,263,972,262,971,261,970,260,969,260,968,259,967,259,966,259,965,259,964,259,963,259,962,259
568,272,567,273,566,273,565,274,564,275,564,276,563,277,563,278,563,279,562,280,562,281,563,282,563,283,563,284,564,285,565,286,565,287,566,288,567,288,568,289,569,289,570,289,571,289,572,289,573,289,574,289,575,288,576,287,577,286,577,285,577,284,577,283,578,282,578,281,577,280,577,279,577,278,576,277,576,276,575,275,574,274,573,273,572,273,571,273,570,272,569,272
657,277,656,278,655,278,654,279,653,280,652,281,652,282,652,283,652,284,652,285,653,286,653,287,654,288,655,289,656,289,657,290,658,290,659,291,660,291,661,291,662,291,663,291,664,291,665,291,666,290,667,289,668,288,668,287,668,286,668,285,668,284,668,283,667,282,667,281,666,280,665,280,664,279,663,278,662,278,661,278,660,277,659,277,658,277
805,277,804,278,803,278,802,279,801,280,800,281,800,282,800,283,799,284,799,285,800,286,800,287,800,288,801,289,802,290,803,291,804,291,805,291,806,292,807,292,808,291,809,291,810,291,811,290,812,290,813,289,813,288,814,287,814,286,814,285,815,284,814,283,814,282,814,281,813,280,812,279,811,278,810,278,809,278,808,277,807,277,806,277
5,278,4,279,3,279,2,280,1,281,1,282,1,283,0,284,0,285,1,286,1,287,1,288,2,289,3,290,4,291,5,292,6,292,7,293,8,293,9,293,10,294,11,294,12,294,13,293,14,293,15,292,16,291,16,290,17,289,17,288,17,287,17,286,16,285,16,284,15,283,14,282,14,281,13,281,12,280,11,279,10,279,9,279,8,278,7,278,6,278
768,291,767,292,766,292,765,292,764,293,763,293,762,294,761,295,760,296,759,297,759,298,758,299,758,300,758,301,758,302,758,303,759,304,759,305,759,306,760,307,760,308,761,309,762,310,763,311,764,312,765,312,766,313,767,313,768,313,769,314,770,314,771,314,772,314,773,313,774,313,775,313,776,313,777,312,778,312,779,312,780,312,781,311,782,311,783,311,784,311,785,310,786,310,787,310,788,309,789,309,790,308,791,307,792,306,792,305,793,304,793,303,793,302,793,301,793,300,793,299,792,298,792,297,791,296,790,295,789,295,788,294,787,294,786,293,785,293,784,293,783,292,782,292,781,292,780,292,779,291,778,291,777,291,776,291,775,291,774,291,773,291,772,291,771,291,770,291,769,291
939,293,938,294,937,294,937,295,936,296,936,297,935,298,935,299,935,300,935,301,935,302,936,303,936,304,937,305,937,306,938,307,939,308,940,308,941,309,942,309,943,309,944,309,945,309,946,308,947,308,948,307,948,306,948,305,948,304,948,303,948,302,948,301,948,300,948,299,947,298,947,297,946,296,945,295,944,294,943,293,942,293,941,293,940,293
412,296,411,297,410,297,409,298,408,299,408,300,407,301,407,302,406,303,406,304,406,305,406,306,407,307,407,308,407,309,408,310,409,311,410,311,411,312,412,312,413,312,414,313,415,313,416,313,417,313,418,312,419,312,420,312,421,311,422,311,423,310,423,309,424,308,425,307,425,306,425,305,424,304,425,303,425,302,424,301,424,300,423,299,422,298,421,297,420,296,419,296,418,296,417,296,416,296,415,296,414,296,413,296
120,305,119,306,118,307,117,308,117,309,117,310,116,311,117,312,117,313,117,314,118,315,119,316,120,317,121,318,122,318,123,318,124,318,125,318,126,318,127,318,128,317,129,317,130,316,131,315,132,314,132,313,132,312,132,311,132,310,132,309,132,308,131,307,130,307,129,306,128,306,127,305,126,305,125,305,124,305,123,305,122,305,121,305
668,309,668,310,667,311,666,311,665,312,664,313,663,314,662,315,662,316,662,317,661,318,661,319,662,320,662,321,662,322,663,323,663,324,664,325,665,326,666,326,667,327,668,327,669,327,670,327,671,327,672,327,673,327,674,326,675,326,676,325,677,324,678,323,679,322,679,321,680,320,680,319,680,318,680,317,680,316,680,315,679,314,679,313,679,312,678,311,677,310,676,310,675,310,674,310,673,309,672,309,671,309,670,309,669,309
725,310,724,311,723,312,722,313,722,314,721,315,721,316,721,317,721,318,721,319,722,320,722,321,723,322,724,323,725,324,726,324,727,325,728,325,729,325,730,325,731,325,732,325,733,324,734,324,734,323,735,322,736,321,736,320,736,319,736,318,736,317,735,316,735,315,734,314,734,313,733,312,732,311,731,311,730,310,729,310,728,310,727,310,726,310
763,322,762,323,761,323,760,323,759,323,758,324,757,325,757,326,756,327,756,328,756,329,756,330,756,331,757,332,758,333,759,334,760,335,761,335,762,336,763,336,764,336,765,336,766,336,767,336,768,336,769,336,770,335,771,335,772,334,773,333,773,332,773,331,774,330,773,329,773,328,773,327,772,326,772,325,771,324,770,324,769,323,768,323,767,323,766,323,765,322,764,322
473,323,472,324,471,324,470,325,470,326,469,327,469,328,468,329,468,330,468,331,469,332,469,333,469,334,470,335,471,336,472,337,473,338,474,338,475,338,476,338,477,338,478,338,479,338,480,337,481,336,482,335,483,334,484,333,484,332,484,331,484,330,484,329,484,328,484,327,483,326,483,325,482,324,481,324,480,323,479,323,478,323,477,323,476,323,475,323,474,323
885,334,884,335,883,335,882,335,881,336,880,337,879,338,879,339,879,340,878,341,879,342,879,343,879,344,880,345,881,346,882,347,883,348,884,348,885,348,886,348,887,348,888,348,889,348,890,348,891,347,892,347,893,346,894,345,895,344,895,343,895,342,895,341,895,340,894,339,894,338,893,337,892,336,891,335,890,335,889,335,888,334,887,334,886,334
714,340,713,341,712,341,711,342,710,343,710,344,709,345,709,346,709,347,709,348,709,349,709,350,710,351,710,352,711,353,712,354,713,355,714,355,715,356,716,356,717,356,718,355,719,355,720,354,721,353,721,352,722,351,723,350,722,349,723,348,724,348,724,347,724,346,723,345,723,344,722,343,722,342,721,341,720,341,719,340,718,340,717,340,716,340,715,340
525,348,524,349,523,349,522,350,521,350,520,351,519,352,518,353,517,354,516,355,516,356,516,357,517,358,516,359,516,360,516,361,517,362,518,363,519,364,519,365,520,365,521,366,522,367,523,367,524,368,525,368,526,368,527,368,528,369,529,368,530,368,531,368,532,368,533,367,534,367,535,366,536,366,537,365,537,364,538,363,539,362,539,361,539,360,539,359,539,358,539,357,539,356,538,355,538,354,538,353,537,352,536,351,536,350,535,350,534,349,533,348,532,348,531,348,530,348,529,348,528,348,527,348,526,348
431,355,430,356,429,357,428,358,428,359,428,360,428,361,428,362,429,363,429,364,430,365,431,365,432,366,433,366,434,366,435,366,436,366,437,366,438,366,439,365,440,364,440,363,440,362,440,361,440,360,440,359,440,358,439,357,438,356,437,355,436,355,435,355,434,355,433,355,432,355
99,356,98,357,97,357,97,358,96,359,96,360,95,361,95,362,95,363,96,364,96,365,96,366,97,367,98,368,99,368,100,369,101,370,102,370,103,370,104,370,105,370,106,370,107,370,108,369,109,368,110,367,110,366,111,365,111,364,111,363,110,362,110,361,110,360,109,359,108,358,107,357,106,357,105,356,104,356,103,356,102,356,101,356,100,356
27,366,26,367,25,367,24,368,23,368,22,369,21,370,21,371,20,372,20,373,20,374,20,375,20,376,21,377,21,378,22,379,23,380,24,381,25,381,26,381,27,381,28,381,29,381,30,381,31,381,32,380,33,379,34,378,35,377,36,376,36,375,36,374,37,373,36,372,36,371,36,370,35,369,34,368,33,367,32,367,31,366,30,366,29,366,28,366
292,380,291,381,290,381,289,382,289,383,288,384,288,385,288,386,288,387,288,388,288,389,288,390,289,391,289,392,290,393,291,394,292,394,293,395,294,395,295,395,296,395,297,395,298,395,299,395,300,394,301,393,302,392,303,391,303,390,303,389,303,388,303,387,303,386,303,385,302,384,301,383,300,382,299,381,298,381,297,380,296,380,295,380,294,380,293,380
1014,380,1013,381,1012,381,1011,381,1010,382,1010,383,1009,384,1009,385,1009,386,1009,387,1009,388,1010,389,1010,390,1011,391,1012,392,1013,392,1014,393,1015,393,1016,394,1017,394,1018,394,1019,393,1020,393,1021,392,1021,391,1022,390,1022,389,1022,388,1022,387,1022,386,1022,385,1022,384,1021,383,1020,382,1019,382,1018,381,1017,381,1016,380,1015,380
382,381,381,382,380,382,379,383,378,383,378,384,377,385,376,386,376,387,376,388,376,389,376,390,376,391,376,392,377,393,377,394,378,395,378,396,379,397,380,398,381,398,382,399,383,399,384,400,385,400,386,400,387,400,388,400,389,400,390,399,391,399,392,398,393,397,393,396,394,395,394,394,394,393,393,392,393,391,393,390,393,389,393,388,392,387,392,386,391,385,390,385,389,384,388,383,387,382,386,381,385,381,384,381,383,381
147,385,146,386,145,386,144,387,143,388,142,389,142,390,141,391,141,392,141,393,141,394,141,395,141,396,141,397,142,398,142,399,143,400,144,401,145,402,146,402,147,403,148,403,149,404,150,404,151,403,152,403,153,403,154,402,155,401,156,400,157,399,157,398,158,397,158,396,158,395,158,394,158,393,158,392,158,391,158,390,157,389,156,388,155,387,154,386,153,386,152,385,151,385,150,385,149,385,148,385
538,387,537,388,536,389,536,390,535,391,535,392,535,393,536,394,536,395,536,396,537,397,538,398,539,398,540,399,541,399,542,400,543,400,544,400,545,399,546,399,547,399,548,398,549,397,549,396,550,395,550,394,550,393,550,392,549,391,548,390,547,389,546,388,545,388,544,388,543,387,542,387,541,387,540,387,539,387
812,390,811,391,810,391,809,392,808,393,807,394,807,395,806,396,806,397,806,398,806,399,806,400,806,401,806,402,807,403,807,404,808,405,809,406,810,407,811,407,812,408,813,408,814,408,815,409,816,409,817,409,818,409,819,409,820,409,821,408,822,408,823,407,824,406,825,406,826,405,825,404,825,403,825,402,825,401,825,400,825,399,825,398,825,397,825,396,825,395,824,394,823,393,822,392,821,391,820,391,819,391,818,390,817,390,816,390,815,390,814,390,813,390
352,402,351,403,350,403,349,404,348,405,348,406,347,407,347,408,347,409,347,410,347,411,347,412,348,413,349,414,350,415,351,416,352,416,353,417,354,417,355,416,356,416,357,416,358,415,358,414,359,413,359,412,360,411,360,410,360,409,360,408,359,407,359,406,359,405,358,404,357,403,356,403,355,402,354,402,353,402
254,413,253,414,252,415,251,416,251,417,251,418,251,419,251,420,251,421,251,422,251,423,252,424,252,425,253,425,254,426,255,427,256,427,257,427,258,427,259,427,260,427,261,427,262,426,263,425,264,424,264,423,264,422,264,421,264,420,264,419,264,418,264,417,263,416,262,415,261,414,260,413,259,413,258,413,257,413,256,413,255,413
987,417,986,418,985,418,984,418,983,419,982,419,981,420,981,421,980,422,980,423,980,424,980,425,980,426,980,427,981,428,981,429,982,430,983,431,984,431,985,432,986,432,987,432,988,432,989,432,990,431,991,431,992,430,993,429,994,428,994,427,994,426,994,425,995,424,994,423,994,422,994,421,993,420,992,419,991,418,990,418,989,418,988,417
57,419,56,420,55,420,54,421,54,422,53,423,53,424,53,425,53,426,53,427,53,428,54,429,55,430,56,431,57,432,58,432,59,433,60,433,61,433,62,433,63,433,64,433,65,432,66,432,67,431,67,430,68,429,68,428,68,427,68,426,68,425,67,424,66,423,66,422,65,422,64,421,63,420,62,419,61,419,60,419,59,419,58,419
417,423,416,424,415,424,414,425,413,426,412,427,411,428,411,429,411,430,411,431,411,432,411,433,412,434,412,435,413,436,414,437,415,438,416,438,417,439,418,439,419,439,420,439,421,439,422,438,423,438,424,437,424,436,425,435,425,434,425,433,425,432,425,431,425,430,424,429,424,428,423,427,422,426,421,425,421,424,420,424,419,423,418,423
615,429,614,430,613,430,612,430,611,431,610,431,609,432,608,433,608,434,607,435,607,436,607,437,607,438,607,439,607,440,607,441,608,442,609,443,610,444,611,444,612,445,613,445,614,445,615,445,616,445,617,445,618,444,619,444,620,443,621,442,622,441,623,440,623,439,623,438,623,437,623,436,623,435,623,434,623,433,622,432,621,431,620,430,619,430,618,430,617,429,616,429
883,435,882,436,881,436,880,437,880,438,879,439,879,440,879,441,879,442,879,443,880,444,880,445,880,446,880,447,881,448,881,449,882,450,882,451,882,452,883,453,884,454,885,455,886,455,887,455,888,456,889,456,890,456,891,456,892,456,893,456,894,456,895,456,896,456,897,456,898,456,899,456,900,456,901,456,902,456,903,455,904,454,905,453,906,452,906,451,907,450,907,449,907,448,907,447,906,446,906,445,906,444,905,443,904,442,903,441,902,440,901,439,900,439,899,438,898,438,897,437,896,437,895,436,894,436,893,436,892,435,891,435,890,435,889,435,888,435,887,435,886,435,885,435,884,435
861,440,860,441,859,441,858,442,857,443,856,443,855,444,854,444,854,445,853,446,852,447,851,448,851,449,851,450,851,451,851,452,851,453,851,454,851,455,852,456,852,457,853,458,853,459,854,460,855,461,855,462,856,463,857,463,858,464,859,464,860,465,861,465,862,466,863,466,864,467,865,468,866,468,867,468,868,469,869,469,870,468,871,468,872,467,873,467,874,466,875,465,875,464,876,463,876,462,876,461,877,460,877,459,877,458,877,457,877,456,877,455,877,454,877,453,876,452,876,451,876,450,876,449,876,448,875,447,875,446,874,445,873,444,873,443,872,442,871,442,870,441,869,441,868,440,867,440,866,440,865,440,864,440,863,440,862,440
383,443,382,444,381,444,380,445,380,446,380,447,380,448,380,449,380,450,380,451,381,452,381,453,382,454,383,455,384,455,385,456,386,456,387,457,388,457,389,457,390,456,391,456,392,455,392,454,393,453,393,452,393,451,393,450,393,449,392,448,392,447,391,446,390,445,389,445,388,444,387,444,386,443,385,443,384,443
273,464,272,465,271,465,270,465,269,465,268,465,267,466,266,467,265,468,264,469,264,470,264,471,264,472,264,473,264,474,265,475,265,476,266,477,267,477,268,477,269,477,270,477,271,477,272,477,273,477,274,477,275,477,276,477,277,477,278,477,279,476,279,475,280,474,280,473,280,472,281,471,280,470,280,469,280,468,279,467,278,466,277,465,276,465,275,465,274,464
104,477,103,478,102,478,101,478,100,478,99,479,98,480,98,481,97,482,97,483,97,484,97,485,97,486,97,487,97,488,98,489,98,490,99,491,100,492,101,493,102,493,103,493,104,493,105,493,106,493,107,492,108,492,109,491,109,490,110,489,111,488,111,487,111,486,111,485,111,484,111,483,110,482,110,481,109,480,108,479,107,479,106,478,105,478
266,478,266,479,266,480,265,481,264,482,264,483,264,484,263,485,263,486,263,487,263,488,264,489,264,490,265,491,265,492,266,493,267,493,268,494,269,494,270,494,271,494,272,494,273,493,274,493,275,492,276,491,277,490,278,489,278,488,278,487,279,486,279,485,279,484,279,483,279,482,279,481,278,480,278,479,278,478,277,478,276,478,275,478,274,478,273,478,272,478,271,478,270,478,269,478,268,478,267,478
210,481,209,482,208,482,207,483,206,484,205,485,205,486,205,487,205,488,205,489,206,490,206,491,207,492,208,493,209,494,210,494,211,495,212,495,213,495,214,495,215,495,216,495,217,494,218,494,219,493,220,492,220,491,221,490,221,489,221,488,221,487,221,486,220,485,219,484,218,483,217,482,216,482,215,481,214,481,213,481,212,481,211,481
580,482,579,483,578,483,577,484,576,485,575,486,574,487,574,488,574,489,574,490,574,491,574,492,574,493,574,494,575,495,576,496,577,496,578,497,579,497,580,497,581,497,582,496,583,496,584,496,585,495,586,495,587,494,588,493,589,492,589,491,590,490,590,489,590,488,590,487,589,486,589,485,588,484,587,483,586,482,585,482,584,482,583,482,582,482,581,482
55,483,54,484,53,484,52,485,51,485,50,486,49,487,48,488,47,489,47,490,47,491,47,492,47,493,47,494,47,495,47,496,48,497,48,498,49,499,50,500,51,500,52,501,53,501,54,501,55,501,56,501,57,501,58,501,59,501,60,500,61,499,62,499,62,498,63,497,64,496,64,495,64,494,64,493,64,492,64,491,64,490,64,489,64,488,63,487,62,486,61,485,60,484,59,484,58,483,57,483,56,483
846,484,845,485,844,485,843,485,842,486,841,486,840,487,839,488,839,489,838,490,838,491,838,492,838,493,837,494,837,495,837,496,837,497,837,498,837,499,837,500,837,501,837,502,837,503,837,504,837,505,838,506,838,507,838,508,839,509,840,510,840,511,841,512,842,512,843,513,844,514,845,514,846,514,847,515,848,515,849,515,850,515,851,515,852,515,853,514,854,514,855,514,856,513,857,513,858,512,859,511,860,511,861,510,862,509,863,508,864,507,864,506,865,505,865,504,865,503,865,502,865,501,865,500,865,499,865,498,865,497,865,496,864,495,864,494,863,493,862,492,862,491,861,490,860,489,860,488,859,487,858,486,857,486,856,485,855,484,854,484,853,484,852,484,851,484,850,484,849,484,848,484,847,484
538,486,537,487,536,487,535,488,534,488,533,489,533,490,532,491,532,492,532,493,532,494,532,495,532,496,533,497,534,498,535,499,536,499,537,499,538,499,539,500,540,500,541,500,542,500,543,500,544,500,545,499,546,499,547,498,548,498,549,497,550,496,551,495,551,494,551,493,551,492,551,491,550,490,550,489,549,488,548,487,547,487,546,486,545,486,544,486,543,486,542,486,541,486,540,486,539,486
929,487,928,488,927,488,926,488,925,489,924,489,923,490,923,491,922,492,921,493,920,494,920,495,919,496,918,497,918,498,918,499,918,500,918,501,919,502,919,503,920,504,921,505,922,506,923,506,924,506,925,507,926,508,927,508,928,509,929,509,930,509,931,509,932,508,933,508,934,508,935,507,936,506,937,505,938,504,938,503,939,502,939,501,940,500,940,499,940,498,940,497,940,496,940,495,940,494,939,493,939,492,938,491,937,490,936,490,935,489,934,488,933,488,932,488,931,488,930,487
411,490,410,491,409,492,408,493,407,494,407,495,407,496,407,497,407,498,407,499,407,500,408,501,408,502,409,503,410,504,411,505,412,505,413,505,414,505,415,505,416,505,417,505,418,505,419,505,420,504,421,504,422,503,422,502,423,501,423,500,423,499,424,498,424,497,423,496,423,495,423,494,422,493,421,492,420,491,419,491,418,490,417,490,416,490,415,490,414,490,413,490,412,490
169,492,168,493,167,494,166,495,166,496,165,497,165,498,165,499,165,500,166,501,166,502,166,503,167,504,168,505,168,506,169,506,170,507,171,507,172,508,173,508,174,508,175,508,176,507,177,507,178,506,179,505,179,504,180,503,180,502,180,501,180,500,179,499,179,498,179,497,178,496,177,495,176,494,175,493,174,493,173,492,172,492,171,492,170,492
895,506,894,507,893,507,892,507,891,508,890,509,889,510,889,511,888,512,888,513,888,514,888,515,888,516,888,517,889,518,889,519,890,520,890,521,891,522,892,522,893,523,894,523,895,523,896,523,897,523,898,523,899,522,900,522,901,521,902,520,903,519,903,518,904,517,904,516,904,515,904,514,904,513,903,512,903,511,902,510,902,509,901,509,900,508,899,507,898,507,897,507,896,506
400,507,399,508,398,508,397,509,396,510,396,511,395,512,395,513,395,514,394,515,394,516,394,517,394,518,394,519,394,520,394,521,395,522,395,523,395,524,396,525,396,526,397,527,398,528,399,529,400,530,401,530,402,531,403,532,404,532,405,532,406,532,407,532,408,532,409,532,410,532,411,532,412,532,413,531,414,530,415,530,416,529,417,528,418,527,418,526,418,525,419,524,419,523,419,522,419,521,419,520,419,519,419,518,419,517,419,516,419,515,418,514,417,513,417,512,416,511,415,510,414,509,413,509,412,508,411,507,410,507,409,507,408,507,407,507,406,507,405,507,404,507,403,507,402,507,401,507
307,509,306,510,305,511,304,512,303,513,303,514,303,515,303,516,303,517,303,518,304,519,304,520,305,521,305,522,306,523,307,523,308,524,309,524,310,525,311,525,312,525,313,525,314,524,315,524,316,523,317,522,318,521,319,520,319,519,319,518,319,517,319,516,319,515,319,514,319,513,318,512,317,511,316,510,315,510,314,509,313,509,312,509,311,509,310,509,309,509,308,509
950,523,949,524,948,524,947,524,946,525,945,526,944,526,944,527,943,528,942,529,942,530,941,531,941,532,941,533,941,534,941,535,941,536,941,537,940,538,939,539,938,539,937,540,936,541,935,542,935,543,934,544,934,545,934,546,934,547,934,548,934,549,934,550,935,551,935,552,936,553,937,554,938,555,939,555,940,556,941,556,942,556,943,557,944,557,945,558,946,558,947,559,948,559,949,560,950,560,951,560,952,560,953,560,954,560,955,560,956,560,957,560,958,559,959,559,960,559,961,558,962,557,963,557,964,556,965,555,966,554,967,553,967,552,968,551,968,550,969,549,969,548,969,547,969,546,969,545,969,544,969,543,968,542,968,541,968,540,967,539,967,538,966,537,966,536,965,535,964,534,963,533,962,532,961,531,960,530,959,529,959,528,958,527,957,526,956,525,955,525,954,524,953,524,952,523,951,523
99,531,98,532,97,532,96,532,95,533,94,534,93,534,92,535,92,536,91,537,91,538,91,539,91,540,91,541,92,542,93,543,94,544,95,544,96,545,97,545,98,545,99,546,100,545,101,545,102,545,103,544,104,543,105,542,106,541,106,540,106,539,106,538,106,537,106,536,106,535,105,534,104,533,103,532,102,532,101,531,100,531
2,535,1,536,0,537,0,538,0,539,0,540,0,541,0,542,0,543,0,544,0,545,0,546,0,547,0,548,0,549,1,550,2,551,3,550,4,550,5,550,6,549,7,548,8,547,8,546,8,545,8,544,8,543,8,542,8,541,8,540,7,539,7,538,6,537,5,536,4,536,3,536
225,538,224,539,223,539,222,540,221,541,220,542,220,543,220,544,220,545,220,546,220,547,220,548,220,549,221,550,221,551,221,552,222,553,222,554,223,555,223,556,224,557,224,558,225,559,226,560,227,561,228,561,229,561,230,561,231,561,232,561,233,561,234,560,235,559,236,559,237,558,237,557,237,556,236,555,237,554,237,553,237,552,237,551,237,550,237,549,236,548,236,547,236,546,236,545,235,544,235,543,234,542,233,541,232,540,231,539,230,538,229,538,228,538,227,538,226,538
143,548,142,549,141,549,140,550,139,551,138,552,138,553,137,554,137,555,137,556,138,557,138,558,139,559,139,560,139,561,140,562,141,562,142,563,143,563,144,564,145,564,146,564,147,564,148,563,149,563,150,562,151,562,152,561,153,560,153,559,154,558,154,557,154,556,154,555,154,554,154,553,153,552,153,551,152,550,151,549,150,549,149,548,148,548,147,548,146,548,145,548,144,548
742,550,741,551,740,552,739,553,739,554,739,555,739,556,740,557,740,558,741,559,741,560,742,560,743,561,744,561,745,562,746,562,747,562,748,561,749,561,750,560,751,559,751,558,752,557,752,556,751,555,751,554,751,553,750,552,749,551,748,551,747,551,746,550,745,550,744,550,743,550
774,550,773,551,772,552,771,553,771,554,771,555,770,556,771,557,771,558,771,559,772,560,773,561,774,562,775,563,776,563,777,564,778,564,779,564,780,563,781,563,782,562,783,561,783,560,783,559,783,558,783,557,783,556,783,555,782,554,782,553,781,552,780,551,779,551,778,550,777,550,776,550,775,550
384,552,383,553,382,554,381,555,381,556,381,557,381,558,381,559,381,560,381,561,381,562,382,563,383,564,384,565,385,565,386,566,387,566,388,566,389,566,390,565,391,565,392,564,393,563,393,562,394,561,394,560,394,559,393,558,393,557,392,556,392,555,391,554,390,554,389,553,388,553,387,552,386,552,385,552
128,553,127,554,126,554,125,555,124,556,123,557,122,558,122,559,122,560,122,561,122,562,122,563,123,564,123,565,124,566,125,567,126,567,127,568,128,568,129,568,130,568,131,568,132,568,133,568,134,567,135,567,136,566,137,565,137,564,138,563,138,562,138,561,138,560,138,559,137,558,137,557,136,556,136,555,135,555,134,554,133,554,132,553,131,553,130,553,129,553
162,557,161,558,160,558,159,559,159,560,158,561,158,562,158,563,157,564,158,565,158,566,158,567,159,568,160,569,161,570,162,570,163,570,164,570,165,570,166,570,167,570,168,570,169,569,170,568,170,567,170,566,170,565,170,564,170,563,170,562,169,561,169,560,168,559,167,558,166,557,165,557,164,557,163,557
289,562,288,563,287,563,286,563,285,564,284,565,283,566,283,567,283,568,283,569,283,570,283,571,284,572,284,573,285,574,286,575,287,575,288,576,289,576,290,577,291,577,292,577,293,577,294,577,295,577,296,577,297,576,298,576,299,575,299,574,300,573,300,572,300,571,300,570,300,569,299,568,299,567,298,566,297,565,296,565,295,564,294,563,293,563,292,563,291,563,290,562
921,563,920,564,919,564,918,564,917,565,916,566,915,567,915,568,915,569,914,570,914,571,914,572,914,573,914,574,914,575,914,576,914,577,914,578,914,579,914,580,914,581,914,582,914,583,915,584,916,585,917,586,918,586,919,586,920,587,921,587,922,587,923,587,924,586,925,586,926,586,927,585,928,584,928,583,929,582,929,581,930,580,930,579,930,578,930,577,930,576,930,575,931,574,931,573,931,572,931,571,931,570,931,569,930,568,930,567,930,566,929,565,928,564,927,564,926,563,925,563,924,563,923,563,922,563
838,569,837,570,836,570,835,570,834,570,833,571,832,571,831,572,830,573,829,574,829,575,828,576,828,577,828,578,827,579,827,580,827,581,827,582,827,583,827,584,827,585,828,586,828,587,829,588,829,589,830,590,831,590,832,591,833,591,834,591,835,592,836,592,837,591,838,591,839,591,840,590,841,589,842,588,843,587,843,586,844,585,844,584,844,583,845,582,845,581,845,580,846,579,846,578,846,577,846,576,845,575,845,574,845,573,844,572,843,571,842,571,841,570,840,570,839,570
890,575,889,576,888,576,887,577,886,578,885,579,884,580,884,581,883,582,882,583,882,584,883,585,884,586,885,587,886,588,887,589,888,589,889,590,890,590,891,590,892,590,893,590,894,590,895,590,896,589,897,589,898,588,899,587,899,586,900,585,900,584,900,583,900,582,900,581,900,580,900,579,899,578,898,577,897,576,896,576,895,575,894,575,893,575,892,575,891,575
478,577,477,578,476,578,475,579,474,580,473,581,473,582,473,583,473,584,473,585,473,586,473,587,474,588,475,589,476,590,477,591,478,591,479,591,480,592,481,592,482,592,483,591,484,591,485,590,486,590,486,589,487,588,487,587,488,586,488,585,487,584,487,583,487,582,486,581,485,580,484,579,483,579,482,578,481,578,480,578,479,577
102,587,101,588,100,589,100,590,99,591,99,592,98,593,98,594,98,595,98,596,99,597,99,598,100,599,101,600,102,600,103,600,104,600,105,600,106,600,107,599,108,599,108,598,109,597,109,596,110,595,110,594,110,593,110,592,109,591,109,590,108,589,107,588,106,587,105,587,104,587,103,587
183,593,182,594,181,594,180,595,179,596,178,597,178,598,177,599,177,600,177,601,177,602,177,603,178,604,178,605,178,606,179,607,180,608,181,609,181,610,182,611,183,612,184,612,185,613,186,614,187,615,188,616,189,616,190,617,191,617,192,617,193,618,194,618,195,617,196,616,197,616,198,615,199,614,200,613,201,612,201,611,202,610,202,609,202,608,203,607,204,606,204,605,204,604,204,603,204,602,204,601,203,600,202,599,201,598,200,598,199,598,198,598,197,597,196,597,195,597,194,596,193,595,192,594,191,593,190,593,189,593,188,593,187,593,186,593,185,593,184,593
719,597,718,598,717,598,716,599,715,600,714,601,714,602,714,603,713,604,713,605,714,606,714,607,714,608,715,609,716,609,717,610,718,610,719,610,720,610,721,609,722,609,723,608,724,607,724,606,725,605,725,604,726,603,726,602,726,601,726,600,726,599,725,598,724,598,723,597,722,597,721,597,720,597
754,602,753,603,752,603,751,604,751,605,750,606,750,607,749,608,748,609,748,610,748,611,748,612,748,613,749,614,750,615,751,616,751,617,752,618,753,619,754,620,755,620,756,621,757,621,758,621,759,621,760,620,761,620,762,619,763,618,764,618,764,617,765,616,765,615,766,614,766,613,766,612,766,611,766,610,765,609,765,608,765,607,764,606,763,605,762,604,761,603,760,603,759,602,758,602,757,602,756,602,755,602
552,614,551,615,550,616,549,617,549,618,549,619,549,620,549,621,549,622,549,623,550,624,550,625,551,626,552,626,553,627,554,627,555,628,556,628,557,627,558,627,559,627,560,626,561,625,562,624,562,623,563,622,563,621,563,620,563,619,562,618,562,617,561,616,560,615,559,614,558,614,557,614,556,614,555,614,554,614,553,614
150,620,149,621,148,621,147,622,146,623,145,624,144,625,144,626,144,627,143,628,143,629,143,630,143,631,143,632,144,633,144,634,145,635,146,636,147,637,148,637,149,638,150,638,151,638,152,638,153,638,154,638,155,638,156,637,157,637,158,636,159,635,160,634,160,633,161,632,161,631,161,630,161,629,161,628,161,627,161,626,161,625,160,624,160,623,159,622,158,622,157,621,156,621,155,621,154,620,153,620,152,620,151,620
260,622,259,623,258,623,257,624,256,625,255,626,255,627,254,628,254,629,254,630,254,631,254,632,255,633,255,634,256,635,256,636,257,637,258,638,259,639,260,639,261,640,262,641,263,641,264,642,265,642,266,642,267,642,268,641,269,641,270,640,271,639,272,638,272,637,273,636,273,635,273,634,273,633,273,632,273,631,273,630,273,629,273,628,272,627,271,626,271,625,270,624,269,624,268,623,267,623,266,623,265,622,264,622,263,622,262,622,261,622
206,626,205,627,204,627,203,628,202,629,201,630,201,631,200,632,200,633,199,634,199,635,199,636,198,637,199,638,199,639,199,640,199,641,200,642,200,643,201,644,202,645,203,646,204,647,205,647,206,647,207,647,208,647,209,647,210,647,211,647,212,646,213,646,214,645,215,644,216,643,216,642,216,641,216,640,217,639,217,638,217,637,216,636,217,635,217,634,217,633,217,632,216,631,216,630,215,629,214,628,213,627,212,627,211,627,210,626,209,626,208,626,207,626
882,626,881,627,880,627,879,627,878,627,877,628,876,628,875,628,874,629,873,630,872,631,871,632,871,633,870,634,870,635,870,636,870,637,870,638,870,639,870,640,870,641,871,642,871,643,872,644,873,645,874,646,875,646,876,646,877,647,878,647,879,647,880,646,881,646,882,646,883,645,884,644,885,643,886,643,887,642,888,641,889,640,890,639,891,638,891,637,891,636,890,635,890,634,889,633,889,632,888,631,888,630,888,629,888,628,887,627,886,626,885,626,884,626,883,626
299,628,298,629,297,629,296,630,295,631,295,632,294,633,294,634,294,635,295,636,295,637,296,638,297,639,298,639,299,640,300,640,301,640,302,640,303,640,304,640,305,640,306,639,307,639,308,638,309,637,310,636,310,635,310,634,309,633,309,632,308,631,307,630,306,630,305,629,304,629,303,629,302,628,301,628,300,628
927,635,926,636,925,636,924,636,923,637,922,638,922,639,921,640,921,641,921,642,921,643,922,644,922,645,923,646,924,647,925,648,926,649,927,649,928,650,929,650,930,650,931,650,932,650,933,649,934,649,935,648,936,647,936,646,937,645,937,644,937,643,937,642,937,641,936,640,936,639,935,638,934,637,933,637,932,636,931,636,930,636,929,636,928,635
598,639,597,640,596,640,596,641,595,642,595,643,595,644,595,645,595,646,595,647,596,648,597,649,597,650,598,651,599,652,599,653,600,654,601,655,601,656,602,657,603,658,604,659,605,659,606,659,607,660,608,660,609,659,610,659,611,659,612,658,613,658,614,657,614,656,615,655,615,654,615,653,616,652,616,651,616,650,615,649,615,648,615,647,614,646,614,645,613,644,612,643,611,643,610,642,609,642,608,641,607,641,606,640,605,640,604,639,603,639,602,639,601,639,600,639,599,639
803,645,802,646,801,646,800,646,799,647,799,648,798,649,798,650,797,651,797,652,797,653,797,654,797,655,797,656,798,657,799,658,799,659,800,660,801,660,802,661,803,661,804,662,805,662,806,662,807,662,808,661,809,661,810,660,811,659,812,658,812,657,813,656,813,655,813,654,813,653,812,652,812,651,812,650,811,649,810,648,809,647,808,646,807,646,806,646,805,645,804,645
388,655,387,656,386,656,385,657,384,658,384,659,383,660,383,661,384,662,383,663,383,664,384,665,384,666,385,667,386,668,387,669,388,669,389,669,390,669,391,669,392,669,393,669,394,668,395,667,395,666,396,665,396,664,396,663,396,662,396,661,396,660,396,659,395,658,395,657,394,656,393,655,392,655,391,655,390,655,389,655
458,658,457,659,456,659,455,660,454,661,453,662,453,663,453,664,452,665,452,666,453,667,453,668,454,669,455,670,456,671,457,671,458,672,459,672,460,672,461,672,462,672,463,671,464,671,465,670,466,669,467,668,467,667,467,666,468,665,468,664,467,663,467,662,466,661,465,660,464,659,463,659,462,658,461,658,460,658,459,658
16,667,15,668,14,668,13,669,12,670,11,671,11,672,11,673,11,674,11,675,11,676,12,677,13,678,14,679,15,679,16,680,17,680,18,680,19,680,20,680,21,680,22,679,23,678,24,677,25,676,25,675,25,674,25,673,25,672,25,671,24,670,24,669,23,668,22,668,21,667,20,667,19,667,18,667,17,667
720,668,719,669,718,670,718,671,717,672,717,673,717,674,716,675,716,676,716,677,716,678,717,679,717,680,717,681,718,682,719,683,720,684,721,684,722,684,723,684,724,684,725,684,726,683,727,682,728,681,728,680,729,679,729,678,729,677,729,676,729,675,729,674,729,673,729,672,728,671,728,670,727,669,726,668,725,668,724,668,723,668,722,668,721,668
866,668,865,669,864,669,863,670,862,671,862,672,862,673,861,674,861,675,862,676,862,677,862,678,862,679,863,680,863,681,864,682,864,683,865,684,865,685,865,686,866,687,867,688,867,689,868,690,868,691,869,692,870,693,871,693,872,694,873,694,874,694,875,694,876,694,877,694,878,693,879,693,880,692,881,691,881,690,882,689,882,688,882,687,883,686,883,685,882,684,882,683,882,682,881,681,880,680,879,679,878,678,877,677,877,676,876,675,875,674,874,673,873,672,872,671,871,670,870,669,869,669,868,669,867,668
61,675,60,676,59,677,59,678,58,679,58,680,58,681,58,682,59,683,59,684,60,685,61,685,62,686,63,687,64,687,65,688,66,688,67,688,68,688,69,688,70,687,71,687,72,686,72,685,73,684,73,683,74,682,74,681,74,680,73,679,72,678,71,677,70,676,69,676,68,676,67,675,66,675,65,675,64,675,63,675,62,675
118,680,117,681,116,681,115,681,114,681,113,682,112,683,111,684,111,685,111,686,111,687,111,688,111,689,111,690,112,691,112,692,112,693,113,694,113,695,114,696,115,696,116,697,117,697,118,697,119,697,120,698,121,698,122,699,123,700,124,701,125,701,126,702,127,702,128,702,129,702,130,702,131,702,132,702,133,701,134,701,135,701,136,700,137,699,138,698,138,697,139,696,139,695,139,694,139,693,139,692,138,691,138,690,137,689,137,688,136,687,135,686,134,685,133,684,132,683,131,683,130,682,129,682,128,682,127,682,126,682,125,682,124,681,123,681,122,680,121,680,120,680,119,680
843,680,842,681,841,681,840,682,839,682,838,683,837,684,837,685,836,686,835,687,835,688,835,689,835,690,835,691,835,692,835,693,835,694,835,695,836,696,836,697,837,698,838,699,839,700,840,701,841,701,842,701,843,701,844,702,845,701,846,701,847,701,848,701,849,700,850,700,851,699,852,698,853,697,854,696,855,695,856,694,856,693,857,692,857,691,857,690,857,689,856,688,856,687,855,686,855,685,854,684,853,683,852,682,851,682,850,681,849,681,848,680,847,680,846,680,845,680,844,680
975,682,974,683,973,683,972,683,971,684,970,685,969,686,968,687,968,688,968,689,967,690,967,691,967,692,968,693,968,694,968,695,969,696,970,697,971,697,972,698,973,698,974,698,975,698,976,698,977,698,978,698,979,697,980,697,981,696,982,695,983,694,984,693,984,692,984,691,985,690,985,689,985,688,984,687,984,686,983,685,983,684,982,684,981,683,980,683,979,682,978,682,977,682,976,682
533,683,532,684,531,684,530,685,530,686,529,687,529,688,529,689,528,690,529,691,529,692,529,693,529,694,530,695,531,696,531,697,532,697,533,698,534,698,535,699,536,699,537,699,538,698,539,698,540,698,541,697,542,696,542,695,543,694,543,693,543,692,543,691,543,690,543,689,543,688,542,687,542,686,541,685,540,684,539,684,538,683,537,683,536,683,535,683,534,683
297,691,296,692,295,692,294,692,293,693,292,693,291,694,290,695,289,696,289,697,288,698,288,699,288,700,288,701,288,702,289,703,290,704,290,705,291,705,292,706,293,706,294,706,295,706,296,706,297,706,298,705,299,705,300,704,300,703,301,702,302,701,302,700,302,699,303,698,303,697,303,696,302,695,302,694,301,693,300,692,299,692,298,692
190,701,189,702,188,702,187,702,186,703,185,703,184,704,183,705,182,706,182,707,181,708,181,709,181,710,181,711,181,712,181,713,181,714,181,715,182,716,183,717,184,717,185,718,186,718,187,718,188,718,189,717,190,717,191,716,192,715,192,714,193,713,194,712,194,711,194,710,195,709,195,708,195,707,195,706,195,705,194,704,194,703,193,702,192,702,191,702
53,707,52,708,51,708,50,708,49,709,48,710,47,711,46,712,46,713,46,714,46,715,46,716,46,717,47,718,47,719,48,720,49,721,50,722,51,723,52,723,53,723,54,724,55,724,56,724,57,723,58,723,59,722,60,721,61,720,61,719,62,718,62,717,62,716,62,715,62,714,61,713,61,712,61,711,60,710,59,709,58,709,57,708,56,708,55,708,54,707
681,707,680,708,679,708,678,708,677,709,676,709,675,710,674,711,673,711,672,712,671,713,670,713,669,714,669,715,668,716,668,717,668,718,668,719,668,720,669,721,669,722,670,722,671,723,672,723,673,724,674,724,675,724,676,723,677,723,678,722,679,721,680,720,681,720,682,719,683,719,684,718,685,718,686,717,687,716,688,715,688,714,688,713,688,712,688,711,688,710,687,709,686,708,685,708,684,708,683,707,682,707
941,720,940,721,939,721,938,722,937,723,936,724,936,725,935,726,935,727,935,728,935,729,936,730,936,731,937,732,938,732,939,732,940,733,941,733,942,733,943,733,944,733,945,733,946,732,947,731,948,730,949,729,950,728,950,727,950,726,950,725,950,724,950,723,949,722,948,721,947,720,946,720,945,720,944,720,943,720,942,720
591,725,590,726,589,726,588,726,587,727,586,727,585,728,584,728,583,729,582,730,582,731,581,732,580,733,580,734,580,735,579,736,579,737,579,738,580,739,579,740,579,741,579,742,580,743,580,744,581,745,581,746,582,747,583,748,584,749,585,749,586,750,587,751,588,751,589,751,590,752,591,752,592,752,593,752,594,752,595,751,596,751,597,751,598,750,599,750,600,749,601,749,602,748,603,747,604,746,604,745,605,744,605,743,606,742,606,741,606,740,606,739,606,738,606,737,606,736,606,735,606,734,605,733,605,732,604,731,603,730,603,729,602,729,601,728,600,727,599,727,598,726,597,726,596,726,595,725,594,725,593,725,592,725
431,730,430,731,429,731,428,731,427,731,426,732,425,733,424,734,424,735,424,736,424,737,424,738,424,739,425,740,425,741,426,741,427,742,428,742,429,743,430,743,431,743,432,743,433,743,434,743,435,743,436,743,437,743,438,742,439,741,440,740,440,739,440,738,440,737,440,736,440,735,439,734,439,733,438,732,437,732,436,731,435,731,434,731,433,731,432,730
82,731,81,732,80,733,79,734,79,735,78,736,78,737,78,738,78,739,79,740,79,741,79,742,80,743,80,744,81,745,82,745,83,746,84,746,85,746,86,746,87,745,88,745,89,744,90,743,90,742,91,741,91,740,91,739,91,738,91,737,91,736,91,735,90,734,90,733,89,732,88,731,87,731,86,731,85,731,84,731,83,731
123,734,122,735,121,735,120,736,119,737,119,738,119,739,119,740,119,741,120,742,121,743,122,744,123,745,124,745,125,746,126,746,127,746,128,746,129,746,130,746,131,746,132,745,132,744,133,743,133,742,133,741,133,740,133,739,132,738,131,737,130,736,129,735,128,735,127,734,126,734,125,734,124,734
237,735,236,736,235,736,234,736,233,737,232,738,231,739,230,740,230,741,230,742,230,743,230,744,230,745,230,746,231,747,231,748,232,749,233,750,234,751,235,751,236,752,237,752,238,752,239,752,240,752,241,752,242,752,243,751,244,750,245,749,245,748,246,747,246,746,246,745,246,744,246,743,246,742,246,741,246,740,245,739,244,738,243,737,242,736,241,736,240,736,239,736,238,735
151,737,150,738,149,738,148,738,147,739,147,740,146,741,146,742,145,743,145,744,145,745,145,746,145,747,145,748,146,749,146,750,147,751,148,752,149,753,150,753,151,753,152,753,153,753,154,753,155,753,156,752,157,751,158,750,158,749,159,748,159,747,159,746,159,745,159,744,159,743,159,742,158,741,158,740,157,739,156,739,155,738,154,737,153,737,152,737
568,749,567,750,566,751,565,751,564,752,563,753,563,754,562,755,562,756,561,757,561,758,561,759,561,760,562,761,562,762,563,763,564,764,565,764,566,765,567,765,568,765,569,765,570,765,571,765,572,765,573,765,574,764,575,763,576,762,577,761,577,760,578,759,578,758,578,757,578,756,578,755,578,754,577,753,577,752,576,751,575,750,574,750,573,749,572,749,571,749,570,749,569,749
276,752,275,753,274,753,273,754,272,754,271,755,271,756,270,757,269,758,269,759,270,760,269,761,269,762,269,763,269,764,269,765,270,766,271,767,272,768,273,768,274,768,275,768,276,768,277,767,278,767,279,766,280,765,280,764,281,763,282,762,282,761,282,760,282,759,282,758,282,757,282,756,282,755,281,754,280,753,279,753,278,753,277,752
963,754,962,755,961,755,960,755,959,756,958,757,957,757,956,758,956,759,955,760,955,761,954,762,954,763,954,764,954,765,955,766,955,767,956,768,957,769,958,770,959,770,960,771,961,771,962,771,963,771,964,770,965,770,966,769,967,768,968,767,969,766,969,765,969,764,970,763,970,762,970,761,970,760,970,759,970,758,969,757,968,756,967,755,966,755,965,754,964,754
468,755,467,756,466,756,465,757,465,758,464,759,464,760,464,761,464,762,464,763,464,764,464,765,465,766,465,767,466,768,467,768,468,769,469,770,470,770,471,770,472,771,473,770,474,770,475,770,476,770,477,769,478,768,479,767,480,766,480,765,481,764,481,763,481,762,481,761,481,760,480,759,479,758,478,757,477,756,476,756,475,755,474,755,473,755,472,755,471,755,470,755,469,755
724,762,723,763,722,763,721,764,720,765,720,766,719,767,719,768,718,769,718,770,718,771,718,772,718,773,719,774,719,775,720,776,721,777,722,777,723,778,724,778,725,778,726,778,727,778,728,777,729,777,730,776,731,775,731,774,732,773,732,772,732,771,733,770,733,769,733,768,733,767,732,766,732,765,731,764,731,763,730,763,729,762,728,762,727,762,726,762,725,762
57,767,56,768,55,768,54,769,53,770,52,771,52,772,52,773,52,774,52,775,52,776,52,777,53,778,53,779,54,780,55,780,56,781,57,782,58,782,59,782,60,783,61,783,62,783,63,783,64,782,65,782,66,781,67,780,67,779,68,778,68,777,68,776,68,775,68,774,67,773,67,772,66,771,65,770,64,769,63,768,62,768,61,768,60,767,59,767,58,767
878,772,877,773,876,774,875,775,875,776,874,777,874,778,874,779,874,780,874,781,875,782,875,783,876,784,877,785,878,786,879,786,880,786,881,787,882,787,883,787,884,786,885,786,886,786,887,785,888,784,888,783,889,782,889,781,889,780,889,779,889,778,889,777,889,776,888,775,888,774,887,773,886,773,885,772,884,772,883,772,882,772,881,772,880,772,879,772
186,779,185,780,184,781,183,782,183,783,182,784,182,785,181,786,181,787,181,788,181,789,181,790,181,791,182,792,183,793,184,794,185,794,186,794,187,794,188,794,189,794,190,793,191,793,192,792,193,791,193,790,194,789,194,788,194,787,194,786,194,785,194,784,194,783,194,782,193,781,192,780,191,780,190,779,189,779,188,779,187,779
330,780,329,781,328,782,327,782,326,783,326,784,325,785,325,786,324,787,324,788,324,789,324,790,325,791,325,792,326,793,326,794,327,794,328,795,329,795,330,795,331,795,332,795,333,795,334,794,335,794,335,793,336,792,337,791,337,790,337,789,337,788,337,787,337,786,337,785,337,784,336,783,335,782,334,781,333,780,332,780,331,780
979,780,978,781,977,781,976,782,975,783,974,784,974,785,974,786,975,787,976,788,976,789,977,790,978,790,979,791,980,791,981,792,982,792,983,792,984,792,985,792,986,791,987,791,988,790,989,789,989,788,989,787,989,786,989,785,989,784,988,783,988,782,987,781,986,781,985,780,984,780,983,780,982,780,981,780,980,780
400,791,399,792,398,792,397,793,396,793,396,794,395,795,395,796,394,797,394,798,394,799,394,800,394,801,395,802,395,803,396,804,397,805,398,805,399,805,400,805,401,805,402,805,403,805,404,804,405,804,406,803,406,802,407,801,407,800,408,799,408,798,408,797,408,796,408,795,407,794,407,793,406,792,405,792,404,791,403,791,402,791,401,791
991,796,990,797,989,797,988,798,987,799,986,800,986,801,986,802,986,803,986,804,986,805,986,806,986,807,986,808,986,809,987,810,988,811,989,811,990,812,991,812,992,812,993,812,994,811,995,811,996,811,997,810,998,810,999,809,1000,808,1000,807,1001,806,1001,805,1001,804,1001,803,1001,802,1001,801,1001,800,1000,799,999,798,998,797,997,797,996,796,995,796,994,796,993,796,992,796
654,813,653,814,652,815,651,816,651,817,651,818,652,819,652,820,653,821,653,822,654,823,655,824,656,825,657,826,658,826,659,827,660,827,661,827,662,827,663,826,664,825,665,824,665,823,665,822,665,821,665,820,664,819,664,818,663,817,663,816,662,815,661,814,660,813,659,813,658,813,657,813,656,813,655,813
906,819,905,820,904,820,903,821,902,822,901,823,900,824,900,825,899,826,899,827,900,828,900,829,901,830,902,831,903,832,904,833,905,834,906,835,907,835,908,835,909,836,910,836,911,836,912,835,913,835,914,834,915,834,916,833,916,832,917,831,917,830,917,829,917,828,917,827,917,826,917,825,916,824,916,823,915,822,914,821,913,821,912,820,911,820,910,819,909,819,908,819,907,819
328,832,327,833,326,833,325,833,324,834,324,835,323,836,323,837,323,838,323,839,324,840,324,841,324,842,325,843,326,844,327,845,328,846,329,847,330,847,331,847,332,847,333,847,334,847,335,846,336,845,336,844,337,843,337,842,337,841,337,840,336,839,336,838,335,837,335,836,334,835,333,835,332,834,331,833,330,833,329,833
272,833,271,834,270,834,269,834,268,835,267,836,267,837,266,838,266,839,266,840,266,841,266,842,266,843,266,844,267,845,268,846,269,847,270,847,271,848,272,848,273,848,274,848,275,848,276,848,277,848,278,847,279,847,279,846,280,845,280,844,281,843,281,842,281,841,281,840,280,839,280,838,280,837,279,836,278,835,277,834,276,834,275,834,274,834,273,833
833,844,832,845,831,846,830,847,830,848,829,849,828,850,829,851,829,852,830,853,830,854,830,855,831,856,831,857,832,858,832,859,833,860,834,861,835,861,836,862,837,862,838,861,839,861,840,861,841,861,842,860,843,859,843,858,844,857,844,856,844,855,845,854,845,853,845,852,844,851,844,850,844,849,843,848,843,847,842,846,841,846,840,845,839,845,838,844,837,844,836,844,835,844,834,844
97,846,96,847,95,847,94,848,93,849,92,850,92,851,92,852,91,853,91,854,91,855,91,856,92,857,92,858,93,859,94,860,95,861,96,861,97,862,98,862,99,862,100,863,101,863,102,863,103,863,104,864,105,864,106,864,107,865,108,865,109,865,110,865,111,865,112,865,113,865,114,864,115,864,115,863,116,862,117,861,117,860,118,859,118,858,119,857,119,856,119,855,119,854,118,853,118,852,117,852,116,851,115,850,114,849,113,849,112,849,111,849,110,848,109,848,108,848,107,848,106,847,105,847,104,846,103,846,102,846,101,846,100,846,99,846,98,846
203,847,202,848,201,848,200,849,199,850,198,851,197,852,196,853,196,854,195,855,195,856,195,857,194,858,194,859,194,860,194,861,194,862,194,863,195,864,195,865,195,866,196,867,197,868,198,869,199,870,200,871,201,871,202,872,203,872,204,873,205,873,206,873,207,873,208,873,209,873,210,872,211,872,212,871,213,870,214,870,215,869,216,868,217,867,218,866,219,865,219,864,220,863,220,862,221,861,221,860,221,859,221,858,220,857,219,856,218,855,217,854,216,853,216,852,215,851,214,850,213,849,212,848,211,848,210,848,209,847,208,847,207,847,206,847,205,847,204,847
819,849,818,850,817,851,816,852,816,853,815,854,815,855,815,856,814,857,815,858,815,859,815,860,815,861,816,862,817,863,818,864,819,864,820,864,821,864,822,865,823,865,824,865,825,865,826,865,827,864,828,863,829,863,830,862,830,861,831,860,832,860,831,859,831,858,830,857,830,856,829,855,829,854,829,853,828,852,828,851,827,850,826,849,825,849,824,849,823,849,822,849,821,849,820,849
690,853,689,854,688,854,687,855,686,856,686,857,685,858,685,859,685,860,685,861,685,862,685,863,685,864,686,865,686,866,687,867,688,868,689,868,690,868,691,868,692,868,693,868,694,867,695,867,696,866,697,865,697,864,698,863,698,862,698,861,698,860,698,859,698,858,698,857,697,856,696,855,695,854,694,854,693,853,692,853,691,853
258,858,257,859,256,859,255,860,254,861,254,862,253,863,253,864,253,865,253,866,253,867,253,868,253,869,254,870,254,871,255,872,256,873,257,873,258,874,259,874,260,874,261,874,262,874,263,874,264,873,265,872,266,871,266,870,267,869,267,868,268,867,268,866,268,865,268,864,267,863,267,862,266,861,265,860,264,859,263,858,262,858,261,858,260,858,259,858
778,859,777,860,776,860,775,861,774,862,773,863,773,864,772,865,772,866,771,867,771,868,771,869,771,870,771,871,772,872,772,873,773,874,774,874,775,874,776,874,777,874,778,873,779,872,780,871,781,870,782,869,783,868,783,867,784,866,784,865,784,864,784,863,783,862,783,861,782,860,781,860,780,859,779,859
580,860,579,861,578,861,577,862,577,863,576,864,576,865,576,866,576,867,576,868,576,869,576,870,576,871,576,872,577,873,577,874,578,875,579,875,580,876,581,876,582,877,583,877,584,877,585,877,586,877,587,876,588,875,589,874,590,873,591,872,591,871,591,870,591,869,591,868,591,867,590,866,590,865,589,864,589,863,588,862,587,862,586,861,585,861,584,860,583,860,582,860,581,860
506,869,505,870,504,870,503,871,502,872,501,873,501,874,501,875,501,876,501,877,501,878,501,879,502,880,502,881,503,882,503,883,504,884,505,884,506,885,507,885,508,886,509,886,510,885,511,885,512,885,513,884,514,883,514,882,514,881,514,880,514,879,514,878,514,877,513,876,513,875,512,874,512,873,511,872,510,871,509,870,508,870,507,869
904,869,903,870,902,871,901,871,901,872,900,873,899,874,899,875,899,876,899,877,899,878,899,879,900,880,900,881,901,882,902,882,903,882,904,883,905,883,906,882,907,882,908,882,909,881,910,880,911,880,912,879,912,878,913,877,913,876,913,875,913,874,913,873,913,872,912,871,911,870,910,870,909,869,908,869,907,869,906,869,905,869
567,870,566,871,565,871,564,872,563,873,563,874,562,875,562,876,562,877,561,878,561,879,562,880,562,881,562,882,563,883,564,884,565,885,566,886,567,886,568,887,569,887,570,887,571,887,572,886,573,886,574,885,575,885,575,884,576,883,577,882,577,881,577,880,577,879,577,878,577,877,577,876,577,875,576,874,576,873,575,872,574,872,573,871,572,871,571,870,570,870,569,870,568,870
76,874,75,875,74,875,73,875,72,875,71,876,70,876,69,877,68,877,67,878,67,879,66,880,66,881,65,882,64,883,63,884,62,884,61,885,60,886,60,887,60,888,61,889,62,890,62,891,62,892,62,893,63,893,64,894,64,895,65,895,66,895,66,894,67,893,68,893,69,894,70,894,71,895,72,895,73,895,74,894,75,894,76,894,77,894,78,894,79,893,80,893,81,892,82,892,83,891,84,890,84,889,85,888,85,887,86,886,86,885,86,884,86,883,86,882,86,881,86,880,85,879,85,878,84,877,83,876,82,876,81,875,80,875,79,875,78,875,77,875
170,888,169,889,168,889,167,889,166,890,165,890,164,891,163,892,162,893,162,894,162,895,162,896,162,897,162,898,162,899,162,900,163,901,164,902,165,902,166,903,167,903,168,903,169,903,170,903,171,903,172,903,173,903,174,902,175,901,176,901,177,900,178,899,178,898,179,897,179,896,179,895,179,894,179,893,178,892,177,891,176,890,175,890,174,889,173,889,172,888,171,888
40,907,39,908,38,908,37,909,36,910,36,911,36,912,36,913,36,914,36,915,36,916,36,917,36,918,37,919,38,920,39,920,40,921,41,921,42,921,43,921,44,921,45,920,46,919,47,918,48,917,48,916,49,915,49,914,49,913,49,912,48,911,48,910,47,909,46,908,45,908,44,907,43,907,42,907,41,907
73,925,72,926,71,927,70,928,70,929,69,930,69,931,69,932,69,933,69,934,69,935,70,936,70,937,70,938,71,939,72,940,73,941,74,941,75,941,76,941,77,941,78,941,79,941,80,941,81,941,82,940,83,940,84,939,84,938,85,937,85,936,86,935,86,934,86,933,86,932,85,931,85,930,85,929,84,928,83,927,82,927,81,926,80,925,79,925,78,925,77,925,76,925,75,925,74,925
404,942,403,943,402,943,401,943,400,944,399,945,398,946,398,947,397,948,397,949,397,950,397,951,398,952,399,953,400,954,401,955,402,956,403,956,404,957,405,958,406,958,407,959,408,959,409,959,410,959,411,959,412,958,413,957,414,956,414,955,415,954,415,953,415,952,415,951,414,950,414,949,414,948,413,947,412,946,411,945,410,944,409,944,408,943,407,943,406,943,405,942
271,943,270,944,269,944,268,945,267,946,266,947,266,948,265,949,265,950,265,951,264,952,264,953,265,954,265,955,266,956,266,957,267,958,268,959,269,959,270,960,271,960,272,960,273,960,274,960,275,960,276,959,277,959,277,958,278,957,279,956,279,955,280,954,280,953,280,952,280,951,280,950,280,949,280,948,280,947,279,946,278,945,277,944,276,944,275,943,274,943,273,943,272,943
246,957,245,958,244,958,243,958,242,959,241,960,240,961,239,962,238,963,238,964,238,965,238,966,238,967,238,968,238,969,239,970,239,971,240,972,241,973,242,973,243,974,244,974,245,974,246,974,247,974,248,974,249,974,250,973,251,973,252,972,253,972,254,971,255,970,255,969,256,968,256,967,257,966,257,965,257,964,257,963,257,962,257,961,256,960,256,959,255,958,254,958,253,957,252,957,251,957,250,957,249,957,248,957,247,957
89,960,88,961,87,961,86,961,85,962,84,963,84,964,84,965,83,966,84,967,84,968,84,969,85,970,86,971,87,972,88,972,89,973,90,973,91,973,92,973,93,973,94,973,95,973,96,972,97,972,98,971,98,970,99,969,99,968,99,967,99,966,99,965,99,964,98,963,97,962,96,961,95,961,94,960,93,960,92,960,91,960,90,960
10,964,9,965,8,965,7,965,6,966,5,967,4,968,4,969,4,970,4,971,4,972,4,973,5,974,5,975,6,976,7,977,8,977,9,978,10,978,11,979,12,979,13,979,14,979,15,979,16,979,17,978,18,978,19,977,20,976,21,975,21,974,21,973,21,972,21,971,21,970,20,969,20,968,19,967,18,966,17,966,16,965,15,965,14,965,13,965,12,964,11,964
524,973,523,974,522,975,521,976,520,977,520,978,520,979,520,980,520,981,521,982,521,983,522,984,523,985,524,986,525,987,526,988,527,988,528,988,529,988,530,988,531,988,532,988,533,987,534,986,534,985,535,984,535,983,535,982,535,981,535,980,535,979,534,978,533,977,533,976,532,976,531,975,530,974,529,974,528,974,527,973,526,973,525,973
893,978,892,979,891,979,890,980,889,981,889,982,888,983,888,984,888,985,888,986,888,987,888,988,889,989,889,990,890,991,891,992,892,993,893,993,894,994,895,994,896,994,897,994,898,993,899,993,900,993,901,992,902,991,903,990,903,989,903,988,903,987,903,986,903,985,903,984,903,983,902,982,901,981,900,980,899,979,898,979,897,978,896,978,895,978,894,978
518,992,517,993,516,994,515,994,515,995,514,996,514,997,514,998,514,999,514,1000,515,1001,515,1002,516,1003,517,1003,518,1004,519,1004,520,1005,521,1005,522,1005,523,1005,524,1004,525,1004,526,1003,527,1003,528,1002,528,1001,529,1000,529,999,529,998,529,997,529,996,528,995,528,994,527,993,526,993,525,992,524,992,523,992,522,992,521,992,520,992,519,992
475,997,474,998,473,998,472,999,471,999,470,1000,470,1001,469,1002,469,1003,469,1004,468,1005,468,1006,469,1007,469,1008,470,1009,471,1010,472,1010,473,1010,474,1010,475,1010,476,1010,477,1009,478,1008,479,1008,479,1007,480,1006,480,1005,481,1004,481,1003,481,1002,481,1001,480,1000,480,999,479,998,478,998,477,998,476,997
186,1006,185,1007,184,1007,183,1008,182,1009,181,1010,181,1011,180,1012,180,1013,180,1014,181,1015,181,1016,182,1017,183,1017,184,1018,185,1018,186,1018,187,1019,188,1019,189,1019,190,1019,191,1019,192,1019,193,1018,194,1018,195,1018,196,1017,197,1016,198,1015,198,1014,198,1013,198,1012,197,1011,197,1010,196,1009,195,1008,194,1008,193,1007,192,1007,191,1006,190,1006,189,1006,188,1006,187,1006
844,1017,843,1018,843,1019,843,1020,843,1021,843,1022,844,1022,845,1023,846,1023,847,1023,848,1023,849,1023,850,1023,851,1023,852,1023,853,1022,854,1022,855,1022,855,1021,855,1020,854,1019,853,1018,852,1018,851,1017,850,1017,849,1017,848,1017,847,1017,846,1017,845,1017
