561,4,560,5,559,5,558,6,557,7,557,8,556,9,556,10,556,11,556,12,556,13,557,14,558,15,559,16,560,16,561,16,562,16,563,15,564,15,565,15,566,14,567,13,567,12,568,11,568,10,568,9,568,8,567,7,566,6,566,5,565,5,564,4,563,4,562,4
312,24,311,25,310,25,309,26,308,27,308,28,307,29,306,30,305,31,304,32,304,33,303,34,303,35,302,36,302,37,301,38,301,39,301,40,301,41,300,42,300,43,300,44,300,45,301,46,301,47,301,48,302,49,303,50,304,50,305,51,306,51,307,51,308,52,309,52,310,52,311,51,312,51,313,51,314,51,315,51,316,51,317,51,318,51,319,51,320,50,321,50,322,49,323,48,324,48,325,47,326,46,327,45,327,44,328,43,329,42,329,41,329,40,330,39,330,38,330,37,330,36,330,35,330,34,329,33,329,32,329,31,328,30,327,29,327,28,326,27,325,27,324,26,323,26,322,25,321,25,320,25,319,24,318,24,317,24,316,24,315,24,314,24,313,24
698,35,697,36,696,36,695,36,694,37,693,38,692,39,691,40,691,41,691,42,691,43,691,44,691,45,692,46,693,47,694,48,695,48,696,49,697,49,698,49,699,49,700,49,701,49,702,49,703,48,704,47,705,46,705,45,705,44,706,43,706,42,706,41,706,40,706,39,705,38,705,37,704,36,703,36,702,35,701,35,700,35,699,35
887,57,886,58,885,58,884,59,884,60,883,61,883,62,883,63,883,64,883,65,883,66,884,67,884,68,885,69,886,69,887,70,888,70,889,70,890,70,891,70,892,70,893,69,894,68,895,67,895,66,895,65,895,64,895,63,895,62,895,61,894,60,893,59,892,58,891,57,890,57,889,57,888,57
401,58,400,59,399,59,398,60,397,61,397,62,397,63,396,64,396,65,396,66,396,67,397,68,397,69,398,70,399,71,399,72,400,72,401,73,402,73,403,73,404,73,405,73,406,73,407,73,408,72,409,71,410,70,410,69,411,68,411,67,411,66,411,65,410,64,410,63,410,62,409,61,408,60,407,59,406,59,405,58,404,58,403,58,402,58
757,58,756,59,755,60,755,61,754,62,754,63,754,64,754,65,754,66,754,67,755,68,755,69,756,70,757,71,758,71,759,71,760,71,761,71,762,71,763,71,764,71,765,70,766,69,767,68,767,67,768,66,768,65,768,64,768,63,768,62,767,61,766,60,765,59,764,58,763,58,762,58,761,58,760,58,759,58,758,58
964,73,963,74,962,74,961,75,960,76,960,77,959,78,959,79,959,80,959,81,959,82,959,83,959,84,959,85,960,86,961,87,962,88,963,88,964,88,965,88,966,88,967,88,968,87,969,86,970,85,971,84,971,83,971,82,972,81,972,80,972,79,972,78,972,77,971,76,971,75,970,74,969,74,968,73,967,73,966,73,965,73
452,79,451,80,450,80,449,80,448,81,447,82,446,83,446,84,445,85,445,86,445,87,445,88,445,89,445,90,445,91,446,92,447,93,448,94,449,94,450,94,451,94,452,94,453,94,454,94,455,94,456,93,457,93,458,92,459,91,460,90,461,89,461,88,461,87,461,86,460,85,460,84,459,83,459,82,458,81,457,80,456,80,455,80,454,79,453,79
90,82,89,83,88,83,87,83,86,84,85,85,85,86,85,87,84,88,84,89,85,90,85,91,86,92,87,93,88,94,89,94,90,94,91,94,92,94,93,94,94,94,95,94,96,93,97,93,98,92,99,91,99,90,99,89,100,88,100,87,99,86,99,85,98,84,97,83,96,83,95,82,94,82,93,82,92,82,91,82
194,98,193,99,192,99,191,100,190,101,190,102,189,103,189,104,189,105,189,106,190,107,190,108,191,109,192,110,193,111,194,112,195,112,196,113,197,113,198,113,199,113,200,112,201,112,202,111,203,110,204,109,204,108,204,107,204,106,204,105,204,104,204,103,203,102,202,101,201,100,200,99,199,99,198,98,197,98,196,98,195,98
913,101,912,102,911,103,911,104,910,105,910,106,910,107,910,108,910,109,911,110,911,111,912,112,913,113,914,114,915,114,916,115,917,115,918,116,919,116,920,115,921,115,922,114,923,113,924,112,924,111,925,110,925,109,925,108,924,107,924,106,924,105,923,104,922,103,921,102,920,102,919,101,918,101,917,101,916,101,915,101,914,101
751,134,750,135,749,136,749,137,748,138,748,139,748,140,748,141,748,142,748,143,749,144,749,145,750,146,751,146,752,147,753,147,754,147,755,146,756,146,757,146,758,145,759,145,760,144,761,143,761,142,761,141,761,140,761,139,761,138,761,137,760,136,759,135,758,134,757,134,756,134,755,134,754,134,753,134,752,134
834,134,833,135,832,135,831,136,831,137,830,138,830,139,830,140,830,141,830,142,830,143,830,144,831,145,832,145,833,145,834,145,835,145,836,145,837,144,838,143,839,142,839,141,840,140,840,139,840,138,840,137,840,136,839,135,838,134,837,134,836,134,835,134
302,144,301,145,300,146,299,147,299,148,298,149,298,150,298,151,299,152,299,153,300,154,300,155,301,156,302,157,303,157,304,158,305,158,306,159,307,159,308,159,309,158,310,158,311,157,312,156,312,155,313,154,313,153,313,152,313,151,313,150,313,149,313,148,312,147,311,146,310,145,309,144,308,144,307,144,306,144,305,144,304,144,303,144
439,154,438,155,437,156,436,157,436,158,435,159,435,160,435,161,435,162,435,163,436,164,436,165,437,166,438,167,439,168,440,168,441,169,442,169,443,169,444,168,445,168,446,167,447,167,448,166,448,165,449,164,449,163,450,162,450,161,450,160,450,159,450,158,449,157,449,156,448,155,447,155,446,154,445,154,444,154,443,154,442,154,441,154,440,154
468,160,467,161,466,162,466,163,466,164,465,165,466,166,466,167,466,168,466,169,467,170,468,171,469,172,470,173,471,174,472,174,473,174,474,175,475,175,476,175,477,174,478,174,479,173,480,172,480,171,480,170,480,169,480,168,480,167,480,166,479,165,479,164,478,163,477,162,476,161,475,161,474,160,473,160,472,160,471,160,470,160,469,160
882,191,881,192,880,192,879,193,879,194,878,195,878,196,877,197,877,198,877,199,877,200,877,201,878,202,878,203,879,204,879,205,880,205,881,206,882,207,883,207,884,207,885,207,886,207,887,207,888,207,889,207,890,206,891,205,892,204,893,203,893,202,894,201,894,200,894,199,894,198,894,197,893,196,893,195,892,194,891,193,890,192,889,192,888,191,887,191,886,191,885,191,884,191,883,191
277,193,276,194,275,194,274,194,273,195,272,196,271,197,270,198,270,199,270,200,270,201,270,202,270,203,271,204,272,205,272,206,273,207,274,208,275,208,276,209,277,209,278,209,279,209,280,209,281,209,282,209,283,209,284,209,285,208,286,207,287,206,287,205,287,204,287,203,287,202,287,201,287,200,286,199,286,198,285,197,284,196,283,195,282,195,281,194,280,194,279,194,278,193
938,193,937,194,936,194,935,195,934,196,934,197,934,198,934,199,934,200,934,201,934,202,935,203,936,204,937,205,938,206,939,207,940,207,941,207,942,208,943,208,944,208,945,207,946,207,947,206,948,205,949,204,949,203,949,202,949,201,949,200,949,199,949,198,948,197,947,196,946,195,945,194,944,194,943,193,942,193,941,193,940,193,939,193
546,200,545,201,544,201,544,202,543,203,543,204,543,205,543,206,543,207,543,208,544,209,544,210,545,211,546,212,547,213,548,213,549,213,550,214,551,214,552,214,553,214,554,214,555,214,556,213,557,213,558,212,558,211,559,210,559,209,559,208,559,207,559,206,558,205,557,204,557,203,556,202,555,201,554,201,553,200,552,200,551,200,550,200,549,200,548,200,547,200
812,220,811,221,810,221,809,221,808,222,807,223,806,224,805,225,805,226,805,227,805,228,805,229,805,230,805,231,806,232,806,233,807,233,808,234,809,235,810,235,811,235,812,235,813,235,814,235,815,235,816,234,817,234,818,233,819,232,820,231,820,230,820,229,820,228,820,227,820,226,820,225,819,224,819,223,818,222,817,222,816,221,815,221,814,220,813,220
445,223,444,224,443,224,442,224,441,225,440,226,439,227,439,228,439,229,438,230,438,231,438,232,439,233,439,234,440,235,441,236,442,236,443,237,444,237,445,237,446,237,447,237,448,237,449,236,450,236,451,235,452,234,452,233,453,232,453,231,453,230,453,229,453,228,452,227,452,226,451,225,450,224,449,224,448,224,447,223,446,223
872,232,871,233,870,233,869,234,868,235,868,236,867,237,867,238,867,239,867,240,867,241,868,242,868,243,869,244,869,245,870,245,871,246,872,246,873,246,874,246,875,246,876,246,877,245,878,244,878,243,879,242,879,241,879,240,879,239,880,238,880,237,879,236,879,235,879,234,878,233,877,232,876,232,875,232,874,232,873,232
935,234,934,235,933,235,932,236,931,236,931,237,930,238,929,239,929,240,929,241,929,242,929,243,929,244,929,245,930,246,931,247,932,248,933,248,934,248,935,249,936,249,937,249,938,249,939,250,940,250,941,250,942,251,943,251,944,251,945,251,946,250,947,250,948,250,949,249,950,249,951,248,952,247,952,246,953,245,953,244,953,243,953,242,952,241,952,240,951,239,950,239,949,238,948,238,947,237,946,237,945,237,944,237,943,236,942,236,941,236,940,235,939,235,938,234,937,234,936,234
509,237,508,238,507,238,506,238,505,238,504,238,503,239,502,239,501,240,500,241,500,242,499,243,499,244,499,245,498,246,498,247,499,248,499,249,500,250,501,251,502,252,503,253,504,253,505,253,506,253,507,253,508,253,509,253,510,253,511,253,512,252,513,252,514,251,515,251,515,250,516,249,517,248,517,247,517,246,517,245,517,244,517,243,516,242,516,241,515,240,514,239,513,238,512,238,511,238,510,238
766,246,765,247,764,247,763,248,762,248,761,249,760,249,759,250,758,251,757,252,756,253,755,254,755,255,755,256,754,257,754,258,754,259,755,260,755,261,755,262,756,263,757,264,758,265,759,265,760,266,761,266,762,266,763,267,764,267,765,267,766,267,767,267,768,267,769,267,770,266,771,266,772,266,773,265,774,264,775,264,776,263,777,262,777,261,778,260,778,259,778,258,778,257,778,256,778,255,778,254,778,253,777,252,777,251,776,250,775,249,774,248,773,247,772,247,771,246,770,246,769,246,768,246,767,246
69,252,68,253,67,253,66,253,65,254,64,255,63,256,62,257,62,258,61,259,61,260,60,261,60,262,60,263,60,264,60,265,60,266,61,267,61,268,62,269,63,270,64,270,65,270,66,271,67,271,68,271,69,270,70,270,71,270,72,269,73,268,74,268,74,267,75,266,76,265,76,264,77,263,77,262,77,261,77,260,77,259,77,258,76,257,76,256,75,255,74,254,73,253,72,253,71,252,70,252
121,252,120,253,119,253,118,254,117,255,117,256,116,257,116,258,116,259,116,260,116,261,116,262,117,263,118,264,119,265,120,266,121,266,122,266,123,267,124,267,125,267,126,267,127,267,128,267,129,266,130,266,131,265,132,264,133,263,134,262,134,261,134,260,134,259,134,258,134,257,133,256,132,255,131,254,130,253,129,253,128,252,127,252,126,252,125,252,124,252,123,252,122,252
269,252,268,253,267,253,266,254,265,254,264,255,264,256,263,257,263,258,263,259,263,260,263,261,263,262,264,263,264,264,265,264,266,265,267,266,268,266,269,266,270,266,271,265,272,265,273,264,274,263,275,262,276,261,276,260,276,259,277,258,277,257,276,256,276,255,275,254,274,253,273,253,272,253,271,252,270,252
420,256,419,257,418,258,417,259,417,260,416,261,416,262,416,263,416,264,416,265,416,266,417,267,417,268,418,269,419,270,420,270,421,271,422,271,423,271,424,271,425,271,426,271,427,270,428,270,429,270,430,269,431,268,432,267,433,266,434,265,434,264,434,263,434,262,434,261,434,260,433,259,432,258,431,258,430,257,429,257,428,257,427,256,426,256,425,256,424,256,423,256,422,256,421,256
960,266,959,267,958,267,957,267,956,268,955,269,954,270,953,271,953,272,953,273,953,274,953,275,953,276,953,277,953,278,954,279,955,280,956,281,957,281,958,282,959,282,960,282,961,282,962,282,963,281,964,281,965,280,966,279,967,278,968,277,968,276,968,275,968,274,968,273,968,272,968,271,967,270,967,269,966,268,965,267,964,267,963,267,962,266,961,266
708,274,707,275,706,275,705,276,704,277,704,278,703,279,703,280,703,281,703,282,704,283,704,284,705,285,706,286,707,286,708,287,709,287,710,287,711,288,712,288,713,288,714,288,715,288,716,287,717,287,718,286,719,286,720,285,720,284,721,283,721,282,721,281,721,280,721,279,720,278,719,277,718,276,717,275,716,274,715,274,714,274,713,274,712,274,711,274,710,274,709,274
89,279,88,280,87,280,86,280,85,281,84,282,83,283,83,284,82,285,82,286,82,287,82,288,82,289,82,290,83,291,83,292,83,293,84,294,85,295,86,296,87,296,88,297,89,298,90,298,91,299,92,299,93,300,94,300,95,301,96,301,97,302,98,302,99,302,100,302,101,302,102,302,103,301,104,301,104,300,105,299,105,298,106,297,106,296,106,295,106,294,106,293,106,292,105,291,105,290,104,289,104,288,103,287,102,286,101,285,100,284,99,283,98,282,97,282,96,281,95,281,94,280,93,280,92,280,91,280,90,279
242,284,241,285,240,285,239,286,238,287,237,288,237,289,236,290,236,291,236,292,236,293,236,294,236,295,236,296,237,297,237,298,238,299,239,300,240,300,241,301,242,301,243,302,244,302,245,302,246,302,247,301,248,301,249,300,250,299,250,298,251,297,251,296,251,295,251,294,251,293,251,292,251,291,251,290,251,289,250,288,250,287,249,286,248,286,247,285,246,285,245,284,244,284,243,284
495,284,494,285,493,285,492,285,491,286,490,287,489,288,489,289,488,290,488,291,488,292,488,293,488,294,488,295,489,296,490,297,491,298,492,299,493,299,494,300,495,300,496,300,497,300,498,299,499,299,500,298,501,298,501,297,502,296,502,295,503,294,503,293,503,292,503,291,503,290,503,289,503,288,502,287,502,286,501,285,500,285,499,284,498,284,497,284,496,284
538,291,537,292,536,292,535,293,534,294,534,295,533,296,533,297,533,298,532,299,533,300,533,301,533,302,534,303,534,304,535,305,536,306,537,306,538,307,539,308,540,308,541,308,542,309,543,309,544,309,545,309,546,309,547,308,548,308,549,307,550,307,551,306,552,305,552,304,553,303,553,302,553,301,553,300,554,299,553,298,553,297,553,296,552,295,551,294,550,293,549,293,548,292,547,292,546,291,545,291,544,291,543,291,542,291,541,291,540,291,539,291
558,304,557,305,556,305,555,305,554,306,553,306,553,307,553,308,552,309,552,310,552,311,552,312,552,313,552,314,553,315,553,316,554,317,555,318,556,319,557,319,558,320,559,320,560,320,561,320,562,320,563,320,564,319,565,319,566,318,567,317,567,316,568,315,568,314,568,313,568,312,568,311,567,310,567,309,566,308,565,307,564,306,563,306,562,305,561,305,560,305,559,304
662,317,661,318,661,319,661,320,661,321,661,322,662,323,663,324,664,324,665,325,666,325,667,325,668,326,669,326,670,326,671,325,672,325,673,325,674,324,675,323,675,322,675,321,675,320,674,319,673,318,672,318,671,317,670,317,669,317,668,317,667,317,666,317,665,317,664,317,663,317
890,326,889,327,888,328,888,329,887,330,887,331,887,332,886,333,886,334,887,335,887,336,888,337,889,338,890,338,891,338,892,338,893,338,894,337,895,337,896,336,897,336,898,335,899,334,899,333,899,332,899,331,899,330,899,329,898,328,897,327,896,326,895,326,894,326,893,326,892,326,891,326
693,361,692,362,691,363,690,364,690,365,690,366,690,367,690,368,690,369,690,370,691,371,691,372,692,373,693,373,694,374,695,374,696,374,697,374,698,374,699,374,700,374,701,373,702,372,703,371,703,370,703,369,703,368,703,367,703,366,703,365,703,364,702,363,702,362,701,362,700,361,699,361,698,361,697,361,696,361,695,361,694,361
114,365,113,366,112,366,112,367,111,368,111,369,111,370,111,371,111,372,112,373,113,374,113,375,113,376,114,376,115,375,116,376,117,376,118,377,119,377,120,377,121,377,122,376,122,375,122,374,123,373,123,372,123,371,123,370,122,369,122,368,121,367,120,366,119,366,118,365,117,365,116,365,115,365
379,365,378,366,377,366,376,367,376,368,375,369,375,370,374,371,374,372,374,373,375,374,375,375,376,376,377,377,378,377,379,378,380,378,381,378,382,378,383,378,384,378,385,377,386,377,387,376,388,376,389,375,389,374,390,373,390,372,390,371,390,370,390,369,389,368,389,367,388,366,387,366,386,365,385,365,384,365,383,365,382,365,381,365,380,365
526,370,526,371,525,372,524,372,523,373,522,374,521,375,520,376,519,377,519,378,518,379,518,380,518,381,517,382,517,383,517,384,517,385,517,386,517,387,518,388,518,389,519,390,519,391,520,392,521,393,522,393,523,394,524,394,525,395,526,395,527,395,528,395,529,394,530,394,531,394,532,393,533,392,534,391,534,390,534,389,535,388,535,387,535,386,535,385,535,384,535,383,535,382,535,381,534,380,534,379,534,378,534,377,533,376,533,375,532,374,532,373,532,372,531,371,530,370,529,370,528,370,527,370
218,386,217,387,216,387,215,387,214,388,213,388,212,389,211,390,210,391,209,392,209,393,208,394,208,395,208,396,208,397,208,398,208,399,209,400,209,401,210,402,210,403,211,403,212,404,213,405,214,405,215,405,216,406,217,406,218,406,219,406,220,406,221,406,222,405,223,405,224,404,225,404,226,403,227,402,228,401,228,400,229,399,229,398,229,397,229,396,229,395,229,394,229,393,229,392,228,391,228,390,227,389,226,388,225,388,224,387,223,387,222,387,221,386,220,386,219,386
850,391,849,392,848,392,847,392,846,393,845,393,844,394,843,395,843,396,842,397,842,398,842,399,842,400,841,401,842,402,842,403,842,404,843,405,844,406,845,407,846,407,847,407,848,407,849,407,850,407,851,406,852,405,853,405,854,404,855,403,855,402,856,401,857,400,857,399,857,398,857,397,857,396,857,395,856,394,855,393,854,392,853,392,852,392,851,391
396,395,395,396,394,396,393,397,392,398,392,399,391,400,391,401,391,402,391,403,391,404,391,405,391,406,392,407,392,408,393,409,394,410,395,410,396,411,397,411,398,412,399,412,400,412,401,412,402,412,403,412,404,411,405,410,406,409,407,408,408,407,408,406,408,405,408,404,408,403,408,402,407,401,407,400,406,399,405,398,404,397,403,396,402,396,401,395,400,395,399,395,398,395,397,395
503,397,502,398,501,398,500,399,499,400,498,401,497,402,496,403,496,404,495,405,495,406,494,407,494,408,494,409,494,410,494,411,494,412,495,413,496,414,497,414,498,415,499,416,500,416,501,417,502,417,503,417,504,417,505,417,506,417,507,417,508,417,509,416,510,415,511,414,512,413,513,412,513,411,513,410,514,409,514,408,514,407,514,406,514,405,513,404,513,403,513,402,512,401,511,400,511,399,510,399,509,398,508,398,507,397,506,397,505,397,504,397
942,403,941,404,940,404,939,404,938,405,937,405,936,406,935,407,935,408,935,409,935,410,935,411,936,412,937,413,938,413,939,413,940,414,941,414,942,414,943,414,944,413,945,413,946,413,947,412,948,412,949,411,950,410,950,409,950,408,950,407,950,406,949,405,948,404,947,404,946,403,945,403,944,403,943,403
752,413,751,414,750,415,750,416,749,417,749,418,749,419,749,420,749,421,749,422,750,423,750,424,751,425,751,426,752,427,753,428,754,428,755,429,756,430,757,430,758,430,759,430,760,430,761,430,762,429,763,429,764,428,764,427,765,426,765,425,765,424,765,423,765,422,765,421,765,420,764,419,764,418,763,417,763,416,762,415,761,415,760,414,759,413,758,413,757,413,756,413,755,413,754,413,753,413
351,418,350,419,349,420,348,421,348,422,347,423,347,424,347,425,347,426,347,427,348,428,348,429,349,430,349,431,350,432,351,433,352,434,353,434,354,435,355,435,356,435,357,434,358,434,359,433,360,432,361,431,362,430,363,429,363,428,363,427,363,426,363,425,363,424,362,423,362,422,361,421,360,420,359,419,358,419,357,418,356,418,355,418,354,418,353,418,352,418
540,418,539,419,538,419,537,419,536,420,535,421,534,422,534,423,533,424,533,425,533,426,533,427,532,428,533,429,533,430,534,431,535,432,536,433,537,434,538,434,539,434,540,435,541,434,542,434,543,433,544,433,545,433,546,433,547,432,548,432,549,432,550,432,551,433,550,432,550,431,550,430,551,429,551,428,552,427,553,426,552,425,552,424,552,423,552,422,551,421,550,421,549,420,548,420,547,419,546,419,545,419,544,418,543,418,542,418,541,418
71,421,70,422,69,422,68,423,67,424,66,425,66,426,65,427,65,428,65,429,65,430,65,431,65,432,66,433,67,434,68,435,69,435,70,436,71,436,72,436,73,436,74,436,75,435,76,435,77,434,78,434,79,433,80,432,81,431,81,430,81,429,82,428,82,427,81,426,81,425,81,424,80,423,79,422,78,421,77,421,76,421,75,421,74,421,73,421,72,421
522,423,521,424,520,424,519,425,518,426,518,427,517,428,517,429,517,430,517,431,517,432,517,433,517,434,517,435,517,436,518,437,518,438,519,439,520,440,521,441,522,441,523,442,524,442,525,442,526,442,527,441,528,441,529,440,529,439,530,438,530,437,531,436,531,435,531,434,531,433,531,432,531,431,531,430,530,429,530,428,529,427,529,426,528,425,527,424,526,424,525,423,524,423,523,423
364,428,364,429,363,430,362,431,361,432,360,433,359,434,358,435,357,435,356,436,355,436,355,437,355,438,355,439,355,440,355,441,355,442,355,443,355,444,355,445,356,446,357,447,357,448,358,449,359,450,360,451,361,451,362,452,363,452,364,452,365,452,366,452,367,452,368,452,369,452,370,452,371,451,372,451,373,450,374,449,375,448,376,447,377,446,377,445,377,444,378,443,378,442,378,441,378,440,378,439,378,438,377,437,377,436,376,435,376,434,375,433,375,432,374,431,373,430,372,430,371,429,370,429,369,428,368,428,367,428,366,428,365,428
547,433,546,434,545,434,544,434,543,434,542,435,541,435,540,436,540,437,539,438,539,439,539,440,539,441,539,442,539,443,540,444,540,445,541,446,542,447,543,447,544,448,545,448,546,449,547,449,548,449,549,448,550,448,551,448,552,447,553,447,554,446,555,445,555,444,556,443,556,442,556,441,556,440,556,439,555,438,555,437,554,436,553,435,552,434,551,434,550,433,549,433,548,433
880,437,879,438,878,438,877,439,876,439,876,440,875,441,875,442,875,443,875,444,875,445,875,446,875,447,876,448,876,449,877,450,878,451,879,451,880,452,881,452,882,452,883,452,884,452,885,452,886,452,887,452,888,452,889,451,890,451,891,450,891,449,892,448,892,447,892,446,892,445,892,444,892,443,892,442,891,441,891,440,890,439,889,439,888,438,887,438,886,438,885,437,884,437,883,437,882,437,881,437
978,446,977,447,976,447,975,448,974,449,974,450,973,451,973,452,973,453,973,454,973,455,973,456,973,457,973,458,974,459,974,460,974,461,974,462,974,463,975,464,976,465,977,465,978,466,978,467,979,467,980,467,981,467,982,467,983,466,984,465,985,464,986,463,986,462,987,461,987,460,988,459,989,458,989,457,989,456,989,455,989,454,989,453,989,452,988,451,988,450,987,449,986,448,985,447,984,447,983,446,982,446,981,446,980,446,979,446
923,455,922,456,921,456,920,457,919,457,918,458,917,459,916,460,916,461,915,462,915,463,915,464,914,465,914,466,914,467,914,468,915,469,915,470,916,471,917,472,918,472,919,473,920,473,921,474,922,474,923,474,924,474,925,474,926,474,927,474,928,474,929,474,930,473,931,472,932,472,933,471,934,470,935,469,936,468,936,467,937,466,937,465,937,464,937,463,937,462,937,461,937,460,936,459,936,458,935,457,934,456,933,455,932,455,931,455,930,455,929,455,928,455,927,455,926,455,925,455,924,455
582,456,581,457,580,457,579,457,578,458,577,458,576,459,575,460,574,461,573,462,573,463,573,464,573,465,573,466,573,467,573,468,573,469,573,470,573,471,574,472,575,473,575,474,576,475,577,476,578,477,579,478,580,478,581,479,582,479,583,479,584,479,585,479,586,478,587,478,588,477,589,477,590,476,591,475,592,474,593,473,594,472,594,471,595,470,595,469,595,468,595,467,595,466,595,465,595,464,595,463,594,462,594,461,593,460,592,459,591,458,590,458,589,457,588,457,587,456,586,456,585,456,584,456,583,456
655,477,654,478,653,478,652,478,651,479,650,480,650,481,649,482,649,483,649,484,649,485,650,486,650,487,651,488,652,489,653,490,654,490,655,491,656,491,657,490,658,490,659,489,660,488,661,487,661,486,661,485,661,484,661,483,661,482,661,481,660,480,660,479,659,479,658,478,657,478,656,477
907,484,906,485,905,485,904,486,903,486,902,487,902,488,901,489,901,490,901,491,901,492,901,493,901,494,901,495,901,496,902,497,902,498,903,499,903,500,903,501,904,502,904,503,904,504,904,505,904,506,905,507,905,508,906,509,907,510,908,511,909,511,910,512,911,513,912,513,913,513,914,513,915,513,916,513,917,513,918,513,919,512,920,512,920,511,921,510,922,509,922,508,922,507,922,506,922,505,922,504,922,503,922,502,922,501,921,500,921,499,920,498,920,497,919,496,919,495,918,494,918,493,917,492,916,491,916,490,915,489,915,488,914,487,913,486,912,485,911,485,910,484,909,484,908,484
478,489,477,490,476,490,475,491,474,492,474,493,473,494,473,495,472,496,472,497,472,498,472,499,472,500,472,501,472,502,473,503,473,504,474,505,475,506,476,507,477,507,478,508,479,508,480,508,481,508,482,508,483,507,484,507,485,506,486,506,487,505,487,504,488,503,488,502,488,501,488,500,489,499,488,498,488,497,488,496,488,495,487,494,487,493,487,492,486,491,485,490,484,490,483,489,482,489,481,489,480,489,479,489
568,493,567,494,566,494,565,495,564,496,564,497,563,498,563,499,562,500,562,501,562,502,562,503,563,504,563,505,563,506,564,507,565,508,566,508,567,509,568,509,569,509,570,509,571,509,572,509,573,508,574,508,575,507,575,506,576,505,577,504,577,503,577,502,577,501,578,500,578,499,577,498,577,497,577,496,576,495,575,494,574,493,573,493,572,493,571,493,570,493,569,493
211,498,210,499,209,499,208,500,207,501,206,502,206,503,205,504,205,505,205,506,205,507,205,508,205,509,205,510,205,511,205,512,206,513,207,514,208,515,209,516,210,516,211,516,212,516,213,516,214,516,215,515,216,515,217,514,218,513,219,512,220,511,220,510,220,509,221,508,221,507,221,506,221,505,221,504,220,503,220,502,219,501,218,500,217,499,216,499,215,498,214,498,213,498,212,498
515,501,514,502,513,502,512,503,511,504,510,505,510,506,510,507,509,508,509,509,509,510,509,511,510,512,510,513,511,514,512,515,513,516,514,517,515,517,516,517,517,517,518,517,519,517,520,516,521,516,522,515,523,514,523,513,524,512,524,511,525,510,525,509,525,508,525,507,525,506,525,505,525,504,524,503,524,502,523,502,522,501,521,501,520,501,519,501,518,501,517,501,516,501
547,506,546,507,545,508,544,509,543,510,542,511,542,512,542,513,542,514,542,515,542,516,542,517,543,518,544,519,545,520,546,520,547,520,548,520,549,520,550,520,551,520,552,519,553,518,554,517,555,516,555,515,555,514,556,513,556,512,556,511,555,510,555,509,554,508,553,507,552,506,551,506,550,506,549,506,548,506
791,511,790,512,789,512,788,513,788,514,787,515,787,516,787,517,787,518,787,519,787,520,787,521,787,522,788,523,788,524,789,525,790,525,791,526,792,526,793,526,794,526,795,526,796,526,797,525,798,525,799,524,799,523,800,522,800,521,800,520,800,519,800,518,800,517,800,516,799,515,799,514,798,513,797,512,796,512,795,511,794,511,793,511,792,511
808,540,807,541,806,541,805,542,805,543,804,544,804,545,804,546,804,547,805,548,805,549,806,550,807,551,808,552,809,552,810,553,811,553,812,553,813,553,814,553,815,553,816,553,817,552,818,552,819,551,820,550,820,549,820,548,820,547,820,546,820,545,819,544,818,543,817,542,816,541,815,541,814,540,813,540,812,540,811,540,810,540,809,540
569,543,568,544,567,544,566,545,565,546,564,547,563,548,563,549,563,550,563,551,563,552,563,553,563,554,563,555,564,556,564,557,565,558,566,559,567,559,568,560,569,560,570,560,571,560,572,560,573,560,574,559,575,559,576,558,577,557,578,556,579,555,579,554,579,553,580,552,580,551,580,550,579,549,579,548,579,547,578,546,577,545,576,544,575,544,574,543,573,543,572,543,571,543,570,543
431,553,430,554,429,555,428,556,428,557,427,558,427,559,427,560,427,561,428,562,428,563,429,564,429,565,430,566,431,566,432,567,433,567,434,568,435,568,436,568,437,567,438,567,439,567,440,566,441,565,442,564,442,563,443,562,443,561,442,560,442,559,442,558,441,557,441,556,440,555,439,554,438,553,437,553,436,553,435,553,434,553,433,553,432,553
381,561,380,562,379,563,378,563,378,564,377,565,376,566,376,567,376,568,376,569,376,570,376,571,376,572,377,573,378,574,379,575,380,576,381,576,382,577,383,577,384,577,385,577,386,577,387,577,388,576,389,575,390,574,391,573,391,572,392,571,392,570,392,569,392,568,392,567,391,566,391,565,390,564,390,563,389,562,388,562,387,561,386,561,385,561,384,561,383,561,382,561
17,581,16,582,15,582,14,582,13,583,12,584,12,585,11,586,11,587,11,588,11,589,11,590,11,591,11,592,12,593,13,594,14,595,15,596,16,596,17,596,18,596,19,596,20,596,21,596,22,595,23,595,24,594,25,593,25,592,26,591,26,590,26,589,26,588,25,587,25,586,24,585,23,584,22,583,21,582,20,582,19,582,18,582
228,595,227,596,226,596,225,597,225,598,224,599,224,600,223,601,223,602,223,603,224,604,224,605,224,606,225,607,226,608,227,608,228,608,229,609,230,609,231,609,232,608,233,608,234,607,235,606,236,605,237,604,237,603,237,602,237,601,237,600,237,599,236,598,235,597,234,596,233,596,232,595,231,595,230,595,229,595
163,626,162,627,161,627,160,628,159,629,159,630,159,631,158,632,158,633,159,634,159,635,159,636,160,637,161,638,162,639,163,640,164,640,165,641,166,641,167,641,168,641,169,641,170,641,171,640,172,640,173,639,173,638,174,637,174,636,174,635,174,634,174,633,174,632,174,631,173,630,173,629,172,628,171,627,170,627,169,626,168,626,167,626,166,626,165,626,164,626
244,628,243,629,242,629,241,630,240,631,239,632,239,633,239,634,239,635,239,636,239,637,239,638,240,639,240,640,241,641,242,642,243,642,244,643,245,643,246,643,247,643,248,643,249,642,250,642,251,641,252,640,252,639,252,638,253,637,253,636,253,635,252,634,252,633,252,632,251,631,250,630,249,629,248,629,247,628,246,628,245,628
894,635,893,636,892,636,891,637,890,638,890,639,889,640,889,641,888,642,888,643,888,644,888,645,888,646,889,647,889,648,890,649,891,650,892,650,893,651,894,651,895,651,896,651,897,651,898,650,899,650,900,649,901,648,902,647,902,646,903,645,903,644,903,643,903,642,903,641,903,640,903,639,902,638,902,637,901,636,900,636,899,635,898,635,897,635,896,635,895,635
718,638,717,639,716,639,715,640,714,641,713,642,713,643,712,644,712,645,712,646,712,647,713,648,713,649,714,650,715,651,716,651,717,652,718,652,719,652,720,652,721,652,722,651,723,651,724,650,725,649,725,648,725,647,726,646,726,645,726,644,726,643,725,642,724,641,724,640,723,640,722,639,721,639,720,639,719,638
977,639,976,640,975,640,974,640,973,641,972,642,971,643,971,644,970,645,970,646,970,647,970,648,970,649,971,650,972,651,973,652,974,653,975,653,976,653,977,653,978,653,979,653,980,652,981,652,982,651,983,650,984,649,984,648,985,647,985,646,985,645,985,644,984,643,983,642,982,641,981,640,980,640,979,639,978,639
801,646,800,647,799,647,798,648,797,649,796,649,796,650,795,651,794,652,794,653,793,654,793,655,793,656,793,657,793,658,794,659,794,660,795,661,796,661,797,662,798,662,799,662,800,662,801,662,802,662,803,662,804,662,805,661,806,661,807,660,808,659,809,658,810,657,810,656,811,655,811,654,811,653,811,652,811,651,810,650,810,649,809,648,808,647,807,647,806,646,805,646,804,646,803,646,802,646
85,668,84,669,83,669,82,670,81,670,81,671,80,672,80,673,79,674,79,675,80,676,80,677,80,678,81,679,81,680,82,681,83,682,84,682,85,683,86,683,87,683,88,683,89,683,90,683,91,683,92,682,93,681,94,680,94,679,95,678,95,677,95,676,95,675,95,674,94,673,94,672,93,671,92,670,91,669,90,669,89,668,88,668,87,668,86,668
465,678,464,679,463,679,462,679,461,679,460,680,459,680,458,681,457,682,456,683,455,684,455,685,455,686,455,687,455,688,455,689,456,690,456,691,457,692,458,692,459,693,460,693,461,693,462,694,463,694,464,694,465,694,466,694,467,693,468,693,469,692,470,691,471,690,471,689,472,688,472,687,472,686,471,685,471,684,471,683,470,682,470,681,469,680,468,679,467,679,466,678
736,687,735,688,734,688,733,688,732,689,731,690,731,691,730,692,730,693,729,694,729,695,729,696,729,697,729,698,729,699,729,700,730,701,730,702,731,703,732,704,733,704,734,704,735,704,736,704,737,703,738,703,739,702,740,702,740,701,741,700,742,699,742,698,742,697,743,696,743,695,743,694,743,693,743,692,742,691,742,690,741,689,740,688,739,688,738,687,737,687
34,692,33,693,32,694,31,695,31,696,31,697,31,698,31,699,31,700,32,701,32,702,33,703,34,704,35,705,36,706,37,706,38,707,39,707,40,707,41,707,42,707,43,707,44,707,45,706,46,706,47,705,47,704,48,703,48,702,48,701,48,700,47,699,47,698,46,697,46,696,45,695,44,694,43,694,42,693,41,693,40,692,39,692,38,692,37,692,36,692,35,692
466,696,465,697,464,698,463,699,462,700,461,701,460,702,459,703,458,704,458,705,458,706,457,707,457,708,457,709,457,710,457,711,458,712,458,713,459,714,460,715,461,716,462,717,463,717,464,718,465,718,466,719,467,719,468,719,469,719,470,719,471,719,472,719,473,719,474,718,475,718,476,717,476,716,476,715,476,714,477,713,478,712,478,711,479,710,479,709,479,708,480,707,481,706,480,706,479,706,478,705,477,704,476,703,475,702,474,702,473,701,472,700,471,699,470,699,469,698,468,697,467,696
674,699,673,700,672,700,671,700,670,701,669,701,668,702,668,703,667,704,667,705,667,706,667,707,667,708,667,709,668,710,668,711,669,712,670,712,671,713,672,713,673,714,674,714,675,714,676,713,677,713,678,713,679,712,680,711,681,710,682,709,682,708,682,707,682,706,682,705,682,704,682,703,681,702,681,701,680,701,679,700,678,700,677,699,676,699,675,699
160,700,159,701,158,701,157,701,156,701,155,702,154,703,153,704,153,705,152,706,152,707,152,708,152,709,152,710,153,711,153,712,154,713,155,714,156,714,157,715,158,715,159,715,160,715,161,715,162,715,163,715,164,715,165,714,166,713,167,713,168,712,168,711,169,710,169,709,169,708,169,707,169,706,169,705,168,704,168,703,167,702,166,702,165,701,164,701,163,701,162,701,161,700
833,718,832,719,831,720,830,720,830,721,829,722,829,723,829,724,829,725,829,726,829,727,829,728,829,729,829,730,830,731,830,732,831,733,832,734,833,735,834,735,835,735,836,735,837,735,838,735,839,735,840,735,841,734,842,734,843,733,844,732,844,731,844,730,845,729,845,728,845,727,845,726,845,725,844,724,844,723,843,722,843,721,842,720,841,719,840,719,839,718,838,718,837,718,836,718,835,718,834,718
401,721,400,722,399,722,398,723,397,724,396,725,395,726,395,727,394,728,394,729,394,730,394,731,394,732,394,733,394,734,394,735,395,736,395,737,395,738,396,739,396,740,397,741,398,742,399,742,400,743,401,744,402,744,403,744,404,744,405,744,406,744,407,744,408,744,409,743,410,743,411,742,412,742,413,741,414,740,414,739,415,738,415,737,416,736,416,735,416,734,416,733,416,732,416,731,416,730,416,729,415,728,415,727,414,726,414,725,413,724,412,723,411,723,410,722,409,721,408,721,407,721,406,721,405,721,404,721,403,721,402,721
874,734,873,735,872,735,871,736,870,737,869,738,869,739,869,740,868,741,868,742,868,743,868,744,868,745,868,746,869,747,869,748,870,749,871,750,872,751,873,751,874,752,875,752,876,752,877,752,878,752,879,751,880,751,881,750,882,749,882,748,883,747,883,746,883,745,883,744,883,743,883,742,883,741,883,740,883,739,882,738,882,737,881,736,880,736,879,735,878,735,877,734,876,734,875,734
808,754,807,755,806,755,805,756,804,757,804,758,803,759,803,760,803,761,803,762,803,763,804,764,804,765,805,766,805,767,806,768,807,769,808,770,809,770,810,770,811,770,812,771,813,770,814,770,815,770,816,769,817,768,818,767,818,766,818,765,818,764,818,763,818,762,818,761,818,760,817,759,817,758,816,757,815,756,814,755,813,755,812,754,811,754,810,754,809,754
502,758,501,759,500,759,499,760,498,761,497,762,497,763,497,764,497,765,497,766,498,767,498,768,499,769,500,770,500,771,501,772,502,773,503,773,504,774,505,774,506,774,507,774,508,774,509,774,510,773,511,772,512,771,512,770,512,769,513,768,513,767,512,766,512,765,511,764,511,763,510,762,510,761,509,761,508,760,507,759,506,759,505,759,504,758,503,758
178,783,177,784,176,784,175,784,174,785,173,786,173,787,172,788,172,789,172,790,172,791,172,792,172,793,172,794,173,795,173,796,174,797,175,798,176,799,177,799,178,799,179,800,180,800,181,800,182,799,183,799,184,799,185,798,186,797,187,796,187,795,187,794,188,793,188,792,188,791,187,790,187,789,187,788,186,787,185,786,184,785,183,784,182,784,181,784,180,783,179,783
785,784,784,785,783,785,782,785,781,785,780,786,779,786,778,786,777,787,776,787,775,788,774,789,773,790,772,791,772,792,771,793,771,794,771,795,771,796,771,797,771,798,771,799,771,800,772,801,772,802,772,803,773,804,773,805,774,806,775,807,776,807,777,808,778,808,779,809,780,809,781,809,782,809,783,809,784,809,785,808,786,808,787,807,788,806,789,806,790,805,791,804,792,803,792,802,793,801,794,800,794,799,795,798,795,797,795,796,795,795,795,794,795,793,794,792,794,791,794,790,793,789,793,788,792,787,791,786,790,785,789,785,788,785,787,784,786,784
833,785,832,786,831,787,830,788,830,789,829,790,829,791,829,792,829,793,829,794,829,795,829,796,829,797,830,798,830,799,831,800,832,801,833,801,834,802,835,802,836,802,837,803,838,803,839,802,840,802,841,802,842,801,843,801,844,800,845,799,846,798,846,797,846,796,846,795,846,794,846,793,846,792,846,791,845,790,845,789,844,788,843,787,842,786,841,785,840,785,839,785,838,785,837,785,836,785,835,785,834,785
432,789,431,790,430,790,430,791,429,792,429,793,428,794,428,795,428,796,428,797,428,798,428,799,429,800,429,801,430,802,431,803,432,804,433,804,434,804,435,805,436,805,437,805,438,806,439,806,440,807,441,807,442,807,443,808,444,808,445,808,446,807,447,807,448,806,449,806,450,805,450,804,451,803,451,802,451,801,451,800,451,799,451,798,451,797,450,796,449,795,448,794,447,793,446,793,445,792,444,792,443,792,442,792,441,792,440,792,439,791,438,791,437,790,436,790,435,790,434,789,433,789
726,807,725,808,724,808,723,809,722,810,721,811,721,812,721,813,720,814,720,815,720,816,720,817,720,818,721,819,721,820,722,821,723,822,724,822,725,823,726,823,727,823,728,823,729,823,730,823,731,823,732,822,733,822,734,821,735,820,736,819,736,818,736,817,737,816,737,815,737,814,736,813,736,812,736,811,735,810,734,809,733,808,732,808,731,807,730,807,729,807,728,807,727,807
1011,816,1010,817,1009,817,1008,818,1007,819,1006,820,1005,821,1005,822,1005,823,1005,824,1004,825,1004,826,1005,827,1005,828,1005,829,1006,830,1007,831,1008,831,1009,832,1010,832,1011,832,1012,832,1013,832,1014,832,1015,832,1016,831,1017,831,1018,830,1019,829,1020,828,1021,827,1021,826,1022,825,1022,824,1021,823,1021,822,1020,821,1020,820,1019,819,1018,818,1017,817,1016,817,1015,816,1014,816,1013,816,1012,816
446,833,445,834,444,834,443,835,442,836,442,837,442,838,441,839,441,840,441,841,442,842,442,843,443,844,444,844,445,845,446,845,447,845,448,845,449,844,450,844,451,843,452,842,453,841,454,840,454,839,455,838,455,837,455,836,454,835,454,834,453,833,452,833,451,833,450,833,449,833,448,833,447,833
587,835,586,836,585,837,584,838,583,839,582,840,582,841,582,842,582,843,582,844,583,845,584,846,585,847,586,848,587,848,588,848,589,848,590,848,591,847,592,847,593,846,594,845,595,844,596,843,596,842,596,841,596,840,596,839,596,838,595,837,594,836,593,835,592,835,591,835,590,835,589,835,588,835
895,843,894,844,893,844,892,844,891,844,890,845,889,846,888,847,887,848,886,849,886,850,886,851,886,852,886,853,887,854,887,855,888,856,889,856,890,857,891,857,892,857,893,857,894,857,895,857,896,857,897,857,898,856,899,856,900,855,901,854,901,853,902,852,902,851,902,850,902,849,902,848,902,847,901,846,900,845,899,844,898,844,897,844,896,844
466,858,465,859,464,859,463,860,462,861,462,862,461,863,461,864,461,865,461,866,461,867,461,868,461,869,461,870,462,871,462,872,463,873,464,874,465,875,466,876,467,876,468,876,469,877,470,877,471,877,472,877,473,876,474,876,475,875,476,874,477,873,477,872,478,871,478,870,478,869,478,868,478,867,478,866,478,865,477,864,477,863,476,862,476,861,475,860,474,859,473,859,472,858,471,858,470,858,469,858,468,858,467,858
260,872,259,873,258,873,257,874,256,875,256,876,255,877,255,878,255,879,255,880,255,881,256,882,256,883,257,884,258,885,259,886,260,887,261,887,262,888,263,888,264,889,265,889,266,889,267,889,268,889,269,888,270,888,271,887,271,886,272,885,272,884,272,883,272,882,272,881,272,880,271,879,271,878,270,877,270,876,269,875,268,874,267,874,266,873,265,873,264,873,263,872,262,872,261,872
79,892,78,893,77,894,77,895,76,896,76,897,76,898,76,899,76,900,76,901,77,902,78,903,79,904,80,905,81,905,82,905,83,905,84,905,85,905,86,905,87,905,88,904,89,903,90,902,90,901,90,900,91,899,91,898,90,897,90,896,90,895,89,894,88,893,87,892,86,892,85,892,84,892,83,892,82,892,81,892,80,892
677,902,676,903,675,904,674,904,674,905,673,906,673,907,672,908,672,909,672,910,672,911,673,912,673,913,674,914,674,915,675,915,676,916,677,917,678,917,679,917,680,917,681,917,682,916,683,916,684,915,685,914,686,913,686,912,687,911,687,910,686,909,687,908,687,907,686,906,686,905,685,904,684,903,683,903,682,902,681,902,680,902,679,902,678,902
369,905,368,906,367,906,366,907,365,908,365,909,364,910,364,911,364,912,364,913,364,914,365,915,365,916,366,917,367,918,368,919,369,919,370,919,371,919,372,919,373,919,374,919,375,918,376,918,376,917,377,916,377,915,377,914,378,913,377,913,376,912,377,911,378,911,377,910,377,909,377,908,376,907,375,906,374,906,373,905,372,905,371,905,370,905
895,920,894,921,893,921,892,921,891,922,890,923,889,924,889,925,888,926,888,927,888,928,888,929,889,930,889,931,890,932,891,933,892,933,893,934,894,934,895,935,896,935,897,935,898,935,899,934,900,934,901,934,902,933,903,932,904,931,904,930,904,929,904,928,904,927,904,926,903,925,903,924,902,923,901,922,900,921,899,921,898,921,897,920,896,920
737,932,736,933,735,934,734,935,734,936,733,937,733,938,734,939,734,940,735,941,736,942,737,943,738,943,739,943,740,943,741,943,742,943,743,943,744,943,745,943,746,942,747,941,747,940,747,939,747,938,747,937,747,936,746,935,745,934,744,933,743,933,742,932,741,932,740,932,739,932,738,932
194,945,193,946,192,946,191,947,191,948,190,949,189,950,189,951,189,952,189,953,189,954,189,955,189,956,189,957,190,958,190,959,191,960,192,961,193,961,194,962,195,962,196,962,197,962,198,962,199,962,200,962,201,961,202,960,203,959,204,958,204,957,205,956,205,955,205,954,205,953,205,952,205,951,205,950,205,949,204,948,204,947,203,946,202,946,201,945,200,945,199,945,198,945,197,945,196,945,195,945
248,954,247,955,246,955,246,956,245,957,245,958,245,959,244,960,244,961,244,962,244,963,244,964,245,965,245,966,246,967,246,968,247,969,248,970,249,971,250,971,251,971,252,971,253,971,254,971,255,971,256,970,257,970,257,969,258,968,258,967,258,966,258,965,258,964,258,963,258,962,258,961,258,960,257,959,257,958,256,957,255,956,254,955,253,954,252,954,251,954,250,954,249,954
723,964,722,965,721,965,720,966,719,967,718,968,717,969,717,970,717,971,717,972,717,973,718,974,718,975,719,976,720,977,721,977,722,978,723,978,724,978,725,978,726,978,727,978,728,978,729,977,730,976,730,975,731,974,732,973,731,972,732,971,733,971,733,970,732,969,732,968,731,967,730,966,729,965,728,965,727,964,726,964,725,964,724,964
812,971,811,972,810,972,809,972,808,973,807,973,806,973,805,973,804,974,803,974,802,975,801,976,800,977,800,978,800,979,799,980,799,981,800,982,800,983,800,984,801,985,802,986,803,987,804,988,805,988,806,989,807,989,808,989,809,989,810,989,811,989,812,988,813,988,814,988,815,989,816,989,817,988,818,988,819,988,820,987,821,986,822,985,823,985,823,984,824,983,824,982,824,981,824,980,824,979,824,978,824,977,824,976,823,975,823,974,822,973,821,972,820,971,819,971,818,971,817,971,816,971,815,971,814,971,813,971
733,972,733,973,732,974,731,975,731,976,730,977,729,978,729,979,729,980,729,981,730,982,730,983,731,984,732,985,733,986,734,986,735,987,736,987,737,987,738,987,739,986,740,986,741,985,742,985,743,984,743,983,744,982,744,981,744,980,744,979,744,978,743,977,743,976,742,975,741,974,740,973,739,972,738,972,737,972,736,972,735,972,734,972
