7,0,6,1,5,2,5,3,5,4,4,5,4,6,4,7,4,8,5,9,5,10,6,11,7,12,8,13,9,14,10,14,11,15,12,15,13,15,14,16,15,16,16,16,17,15,18,15,19,14,20,14,21,13,21,12,22,11,22,10,22,9,22,8,22,7,22,6,21,5,21,4,21,3,20,2,19,1,18,1,17,0,16,0,15,0,14,0,13,0,12,0,11,0,10,0,9,0,8,0
343,0,342,1,342,2,342,3,342,4,342,5,343,6,343,7,344,8,345,9,346,9,347,10,348,10,349,11,350,11,351,11,352,11,353,11,354,11,355,10,356,9,357,8,358,7,358,6,358,5,359,4,358,3,358,2,358,1,357,0,356,0,355,0,354,0,353,0,352,0,351,0,350,0,349,0,348,0,347,0,346,0,345,0,344,0
591,0,590,1,589,2,588,3,588,4,588,5,588,6,588,7,588,8,588,9,588,10,589,11,589,12,590,13,590,14,591,14,592,15,593,16,594,16,595,16,596,16,597,16,598,16,599,16,600,15,601,15,602,14,603,14,604,13,605,12,606,11,607,10,607,9,607,8,607,7,607,6,607,5,607,4,606,3,605,2,604,2,603,1,602,1,601,1,600,0,599,0,598,0,597,0,596,0,595,0,594,0,593,0,592,0
711,2,710,3,709,3,708,3,707,4,706,4,706,5,705,6,705,7,704,8,703,9,703,10,703,11,703,12,703,13,703,14,703,15,704,16,705,17,705,18,706,19,707,19,708,20,709,21,710,21,711,21,712,21,713,21,714,21,715,21,716,20,717,20,718,19,719,19,720,18,721,17,721,16,722,15,722,14,722,13,722,12,722,11,722,10,722,9,722,8,722,7,721,6,721,5,720,5,719,4,718,3,717,3,716,3,715,3,714,2,713,2,712,2
258,47,257,48,256,49,255,50,255,51,255,52,255,53,255,54,255,55,255,56,256,57,256,58,257,59,258,60,259,60,260,61,261,61,262,62,263,62,264,62,265,62,266,62,267,61,268,61,269,60,270,59,270,58,271,57,271,56,271,55,271,54,270,53,270,52,269,51,269,50,268,49,267,48,266,48,265,47,264,47,263,47,262,47,261,47,260,47,259,47
686,56,685,57,684,57,683,57,682,58,681,58,680,59,680,60,679,61,679,62,679,63,679,64,679,65,679,66,680,67,680,68,681,69,682,70,683,71,684,71,685,72,686,73,687,73,688,73,689,73,690,72,691,72,692,72,692,71,693,70,693,69,694,68,694,67,694,66,694,65,694,64,694,63,693,62,693,61,692,60,691,59,690,58,689,57,688,57,687,57
197,70,196,71,195,71,194,71,193,72,192,72,191,73,190,73,189,73,188,73,187,74,186,74,185,75,184,76,184,77,184,78,184,79,185,80,186,81,187,82,188,83,189,84,190,85,191,86,192,87,193,88,194,88,195,89,196,89,197,89,198,89,199,89,200,89,201,89,202,88,203,88,204,87,205,86,206,85,207,84,207,83,208,82,208,81,208,80,208,79,208,78,207,77,207,76,206,75,206,74,205,74,204,73,203,72,202,72,201,71,200,71,199,70,198,70
999,78,998,79,997,79,996,80,995,81,994,82,993,83,992,84,991,84,990,85,989,86,989,87,988,88,988,89,988,90,987,91,987,92,987,93,987,94,988,95,988,96,989,97,989,98,990,99,991,100,992,101,993,102,994,103,995,104,996,104,997,104,998,104,999,104,1000,104,1001,103,1002,103,1003,102,1004,101,1005,101,1006,100,1007,99,1008,98,1009,97,1009,96,1010,95,1010,94,1011,93,1011,92,1011,91,1011,90,1011,89,1011,88,1011,87,1010,86,1010,85,1010,84,1010,83,1009,82,1008,81,1007,81,1006,80,1005,80,1004,79,1003,79,1002,79,1001,78,1000,78
860,84,859,85,858,85,857,85,856,86,855,86,854,87,853,88,852,89,852,90,852,91,852,92,852,93,852,94,853,95,853,96,854,97,855,97,856,97,857,98,858,98,859,98,860,98,861,98,862,98,863,97,864,97,865,96,866,95,866,94,866,93,867,92,867,91,867,90,866,89,866,88,865,87,864,86,863,85,862,85,861,85
939,93,938,94,937,94,936,95,935,95,935,96,934,97,934,98,934,99,934,100,934,101,934,102,934,103,934,104,935,105,936,106,937,107,938,107,939,107,940,107,941,107,942,107,943,106,944,106,945,105,945,104,946,103,947,102,947,101,947,100,947,99,947,98,946,97,946,96,945,95,944,94,943,94,942,93,941,93,940,93
729,103,728,104,727,104,726,105,725,106,724,107,724,108,723,109,723,110,723,111,723,112,723,113,723,114,724,115,724,116,725,117,726,118,727,119,728,119,729,119,730,120,731,120,732,120,733,119,734,119,735,119,736,118,737,117,738,117,738,116,739,115,740,114,740,113,740,112,740,111,740,110,740,109,739,108,739,107,738,106,737,105,736,104,735,104,734,103,733,103,732,103,731,103,730,103
887,105,886,106,885,107,884,108,883,109,883,110,882,111,882,112,882,113,882,114,881,115,882,116,882,117,882,118,883,119,884,120,885,120,886,120,887,120,888,120,889,120,890,119,891,118,892,117,893,117,894,116,895,116,896,115,897,115,898,114,898,113,899,112,899,111,899,110,898,109,898,108,897,107,896,106,895,106,894,105,893,105,892,105,891,105,890,105,889,105,888,105
69,120,68,121,67,121,66,121,65,121,64,122,63,123,63,124,62,125,62,126,62,127,62,128,62,129,63,130,63,131,64,132,65,133,66,133,67,134,68,134,69,134,70,134,71,134,72,134,73,133,74,133,75,132,76,132,77,131,78,130,78,129,78,128,78,127,78,126,78,125,77,124,76,123,75,122,74,122,73,121,72,121,71,121,70,121
99,129,98,130,97,130,96,131,95,132,94,133,94,134,93,135,93,136,93,137,93,138,93,139,93,140,93,141,93,142,94,143,94,144,95,145,96,145,97,145,98,146,99,145,100,145,101,145,102,145,103,144,104,143,105,142,105,141,106,140,107,139,108,138,108,137,108,136,108,135,108,134,108,133,107,132,106,131,105,130,104,129,103,129,102,129,101,129,100,129
851,176,850,177,849,177,848,178,847,179,846,180,846,181,846,182,846,183,846,184,846,185,847,186,847,187,848,188,848,189,849,190,850,190,851,191,852,191,853,191,854,192,855,192,856,192,857,192,858,192,859,192,860,191,861,190,862,189,862,188,863,187,863,186,863,185,863,184,863,183,862,182,862,181,862,180,861,179,860,178,859,177,858,177,857,177,856,176,855,176,854,176,853,176,852,176
542,187,541,188,540,188,539,189,538,190,538,191,537,192,537,193,536,194,536,195,536,196,536,197,536,198,536,199,537,200,537,201,537,202,538,203,538,204,539,205,540,206,541,206,542,207,543,207,544,207,545,207,546,207,547,206,548,206,549,205,550,205,551,204,552,203,552,202,553,201,553,200,553,199,553,198,553,197,553,196,553,195,553,194,552,193,552,192,551,191,550,190,549,189,548,188,547,188,546,187,545,187,544,187,543,187
776,194,775,195,774,196,774,197,773,198,773,199,773,200,773,201,773,202,773,203,773,204,774,205,775,206,776,207,777,208,778,208,779,208,780,209,781,209,782,209,783,209,784,208,785,208,786,207,787,206,787,205,787,204,787,203,787,202,787,201,787,200,786,199,786,198,785,197,784,196,783,195,782,194,781,194,780,194,779,194,778,194,777,194
650,214,649,215,648,216,647,217,647,218,646,219,646,220,646,221,646,222,646,223,646,224,646,225,646,226,647,227,648,228,649,229,650,229,651,230,652,230,653,230,654,230,655,230,656,230,657,230,658,229,659,229,660,228,661,227,662,226,662,225,663,224,663,223,663,222,663,221,663,220,662,219,662,218,661,217,660,216,659,215,658,215,657,214,656,214,655,214,654,214,653,214,652,214,651,214
872,217,871,218,870,218,869,219,868,220,867,221,867,222,867,223,866,224,866,225,866,226,866,227,866,228,867,229,867,230,867,231,868,232,869,233,870,233,871,233,872,234,873,234,874,234,875,234,876,233,877,233,878,233,879,232,880,231,881,230,881,229,882,228,882,227,882,226,882,225,882,224,882,223,882,222,881,221,880,220,880,219,879,218,878,218,877,217,876,217,875,217,874,217,873,217
99,229,98,230,97,230,96,230,95,230,94,231,93,232,92,233,91,234,91,235,90,236,90,237,89,238,89,239,89,240,89,241,90,242,90,243,91,244,92,245,93,246,94,246,95,247,96,247,97,247,98,247,99,247,100,247,101,246,102,246,103,245,104,244,105,243,106,242,106,241,107,240,107,239,107,238,107,237,107,236,107,235,107,234,106,233,105,232,104,231,103,231,102,230,101,230,100,229
667,259,666,260,665,260,664,261,663,262,663,263,662,264,662,265,662,266,662,267,662,268,662,269,663,270,663,271,664,272,665,273,666,273,667,273,668,273,669,273,670,273,671,273,672,273,673,273,674,273,675,273,676,272,677,272,678,271,678,270,679,269,679,268,679,267,679,266,679,265,679,264,678,263,678,262,677,261,676,260,675,260,674,259,673,259,672,259,671,259,670,259,669,259,668,259
610,300,609,301,608,301,607,302,606,303,606,304,605,305,605,306,604,307,604,308,604,309,604,310,604,311,604,312,604,313,605,314,606,315,607,316,608,317,609,318,610,318,611,318,612,318,613,318,614,318,615,318,616,318,617,317,618,316,619,316,619,315,620,314,621,313,621,312,621,311,622,310,621,309,621,308,621,307,621,306,620,305,620,304,619,303,618,302,617,301,616,301,615,300,614,300,613,300,612,300,611,300
150,317,149,318,148,319,148,320,147,321,147,322,147,323,147,324,148,325,149,326,150,327,151,328,152,328,153,329,154,329,155,329,156,329,157,329,158,328,159,328,160,327,161,326,161,325,161,324,162,323,161,322,161,321,161,320,160,319,159,318,158,317,157,317,156,317,155,317,154,317,153,317,152,317,151,317
878,344,877,345,876,345,875,346,875,347,874,348,874,349,873,350,873,351,874,352,874,353,874,354,874,355,875,356,876,357,877,357,878,358,879,359,880,359,881,360,882,360,883,360,884,359,885,359,886,359,887,358,888,357,888,356,889,355,889,354,888,353,889,352,889,351,889,350,888,349,888,348,887,347,886,346,885,345,884,344,883,344,882,344,881,344,880,344,879,344
980,368,979,369,978,369,977,369,976,369,975,370,974,370,973,371,972,372,971,372,970,373,969,374,968,375,967,376,967,377,967,378,967,379,967,380,967,381,968,382,969,383,970,382,971,382,972,383,973,383,974,384,975,384,976,384,977,384,978,384,979,385,980,385,981,385,982,384,983,384,984,383,985,383,986,382,986,381,987,380,987,379,987,378,987,377,987,376,987,375,987,374,987,373,987,372,986,371,985,370,984,369,983,369,982,369,981,368
858,382,857,383,856,383,855,384,854,385,854,386,853,387,853,388,852,389,852,390,852,391,852,392,852,393,853,394,853,395,853,396,854,397,855,398,856,398,857,399,858,399,859,399,860,399,861,399,862,399,863,399,864,399,865,398,866,398,867,397,868,397,868,396,869,395,869,394,869,393,869,392,870,391,869,390,869,389,869,388,869,387,868,386,867,385,866,384,865,384,864,383,863,383,862,382,861,382,860,382,859,382
740,396,739,397,738,397,737,398,736,398,735,399,734,400,734,401,733,402,733,403,733,404,733,405,733,406,733,407,734,408,734,409,735,410,736,410,737,411,738,412,739,412,740,412,741,412,742,411,743,411,744,411,745,410,746,409,747,408,747,407,748,406,748,405,749,404,749,403,749,402,749,401,749,400,748,399,748,398,747,397,746,397,745,396,744,396,743,396,742,396,741,396
444,406,443,407,442,408,441,408,440,409,440,410,439,411,439,412,439,413,439,414,439,415,439,416,439,417,440,418,440,419,441,420,442,421,443,422,444,422,445,422,446,422,447,422,448,422,449,422,450,421,451,421,452,420,453,419,453,418,454,417,454,416,454,415,454,414,454,413,454,412,454,411,453,410,452,409,452,408,451,408,450,407,449,407,448,406,447,406,446,406,445,406
108,410,107,411,106,411,105,411,104,412,103,413,103,414,103,415,103,416,103,417,103,418,104,419,105,420,106,421,107,421,108,421,109,422,110,422,111,421,112,421,113,420,114,420,115,419,116,418,116,417,116,416,116,415,116,414,115,413,114,412,113,412,112,411,111,411,110,411,109,410
241,416,240,417,239,417,238,418,237,418,236,419,235,420,235,421,234,422,234,423,234,424,234,425,234,426,234,427,234,428,235,429,235,430,236,431,237,431,238,432,239,432,240,433,241,433,242,433,243,433,244,433,245,433,246,433,247,433,248,433,249,433,250,432,251,431,252,430,252,429,253,428,253,427,253,426,253,425,253,424,253,423,253,422,252,421,251,420,251,419,250,419,249,418,248,418,247,417,246,417,245,417,244,416,243,416,242,416
816,437,815,438,814,438,814,439,813,440,813,441,812,442,812,443,812,444,812,445,812,446,812,447,812,448,813,449,813,450,814,450,815,451,816,452,817,452,818,452,819,452,820,452,821,452,822,452,823,451,824,450,825,449,825,448,826,447,826,446,826,445,826,444,825,443,825,442,825,441,824,440,823,439,822,438,821,437,820,437,819,437,818,437,817,437
694,445,693,446,692,447,691,448,691,449,690,450,690,451,689,452,689,453,689,454,689,455,689,456,689,457,689,458,690,459,691,460,692,460,693,461,694,461,695,461,696,462,697,461,698,461,699,461,700,460,701,460,702,459,703,458,704,458,705,457,706,456,707,455,707,454,708,453,708,452,707,451,707,450,707,449,706,448,705,447,704,446,703,446,702,445,701,445,700,445,699,445,698,445,697,445,696,445,695,445
994,461,993,462,992,463,991,464,991,465,990,466,990,467,990,468,989,469,989,470,990,471,990,472,990,473,991,474,991,475,992,476,993,477,994,478,995,478,996,478,997,479,998,479,999,479,1000,479,1001,479,1002,479,1003,479,1004,478,1005,478,1006,477,1007,476,1007,475,1007,474,1008,473,1008,472,1008,471,1007,470,1007,469,1006,468,1006,467,1006,466,1006,465,1005,464,1005,463,1004,463,1003,462,1002,462,1001,462,1000,461,999,461,998,461,997,461,996,461,995,461
673,516,672,517,671,517,670,517,669,518,668,518,667,519,666,520,666,521,665,522,665,523,665,524,665,525,665,526,665,527,665,528,666,529,667,530,667,531,668,531,669,532,670,532,671,533,672,533,673,533,674,533,675,533,676,533,677,533,678,533,679,532,680,532,681,531,682,530,683,529,683,528,684,527,684,526,684,525,684,524,683,523,683,522,683,521,682,520,681,519,680,519,679,518,678,517,677,517,676,517,675,517,674,517
978,520,977,521,976,521,975,522,974,523,973,524,973,525,973,526,973,527,973,528,973,529,973,530,973,531,974,532,975,533,975,534,976,535,977,535,978,536,979,536,980,536,981,536,982,536,983,535,984,535,985,534,986,533,986,532,987,531,987,530,987,529,987,528,987,527,986,526,986,525,985,524,985,523,984,522,983,522,982,521,981,521,980,520,979,520
617,547,616,548,615,548,614,549,613,549,612,550,611,550,610,551,609,552,608,552,608,553,607,554,607,555,607,556,607,557,607,558,608,559,609,560,610,561,611,562,612,562,613,563,614,563,615,563,616,563,617,563,618,563,619,562,620,562,621,562,622,561,623,560,624,559,625,558,625,557,625,556,626,555,626,554,626,553,626,552,626,551,625,550,625,549,624,548,623,547,622,547,621,547,620,547,619,547,618,547
910,553,909,554,908,554,907,555,906,556,905,557,905,558,905,559,905,560,906,561,906,562,907,563,907,564,908,565,909,565,910,566,911,566,912,566,913,566,914,566,915,566,916,565,917,565,918,564,918,563,919,562,919,561,919,560,919,559,919,558,918,557,918,556,917,555,916,554,915,554,914,554,913,554,912,553,911,553
663,555,662,556,661,556,660,556,659,557,658,558,657,559,656,560,656,561,656,562,656,563,656,564,656,565,656,566,656,567,656,568,657,569,658,570,658,571,659,571,660,572,661,573,662,573,663,574,664,574,665,574,666,575,667,574,668,574,669,574,670,573,671,573,672,572,672,571,673,570,673,569,674,568,674,567,674,566,674,565,674,564,674,563,674,562,674,561,674,560,674,559,674,558,673,557,672,556,671,556,670,556,669,555,668,555,667,555,666,555,665,555,664,555
415,570,414,571,413,571,412,572,411,573,411,574,410,575,410,576,410,577,410,578,410,579,410,580,410,581,410,582,410,583,411,584,411,585,412,586,413,587,414,588,415,588,416,589,417,589,418,589,419,589,420,589,421,588,422,587,423,587,423,586,424,585,424,584,425,583,425,582,425,581,425,580,425,579,424,578,424,577,424,576,423,575,423,574,422,573,421,572,420,571,419,571,418,570,417,570,416,570
685,585,684,586,683,587,682,588,682,589,681,590,681,591,680,592,680,593,680,594,680,595,680,596,679,597,680,598,680,599,681,600,682,601,683,602,684,602,685,602,686,603,687,603,688,603,689,602,690,602,691,602,692,601,693,600,694,599,694,598,694,597,695,596,695,595,695,594,695,593,695,592,695,591,694,590,694,589,694,588,693,587,692,586,691,585,690,585,689,585,688,585,687,585,686,585
63,660,62,661,61,661,60,662,59,663,58,664,58,665,57,666,57,667,57,668,57,669,57,670,58,671,58,672,59,673,60,674,61,674,62,675,63,675,64,675,65,675,66,675,67,675,68,675,69,674,70,674,71,674,72,673,73,673,74,672,75,671,76,670,76,669,77,668,77,667,77,666,76,665,75,664,74,663,73,662,72,661,71,661,70,661,69,660,68,660,67,660,66,660,65,660,64,660
271,665,270,666,269,667,269,668,268,669,268,670,267,671,267,672,267,673,267,674,267,675,268,676,268,677,269,678,270,679,271,679,272,680,273,680,274,680,275,680,276,680,277,680,278,680,279,679,280,678,281,677,282,676,282,675,283,674,283,673,283,672,283,671,283,670,282,669,282,668,281,667,280,666,279,666,278,665,277,665,276,665,275,665,274,665,273,665,272,665
895,684,894,685,893,685,892,685,891,686,890,687,889,688,888,689,887,690,887,691,887,692,888,693,887,694,886,694,886,695,887,696,887,697,887,698,888,699,889,699,890,700,891,701,892,701,893,702,894,702,895,703,896,703,897,704,898,704,899,704,900,704,901,704,902,704,903,704,904,704,905,704,906,704,907,703,908,702,909,701,910,700,910,699,911,698,911,697,911,696,911,695,911,694,911,693,911,692,911,691,910,690,910,689,909,688,908,687,907,686,906,686,905,685,904,685,903,684,902,684,901,684,900,684,899,684,898,684,897,684,896,684
842,685,841,686,840,686,839,687,838,688,838,689,837,690,837,691,836,692,836,693,836,694,836,695,836,696,836,697,837,698,838,699,839,700,840,700,841,701,842,701,843,701,844,701,845,701,846,701,847,701,848,700,849,700,850,699,851,698,852,697,852,696,853,695,853,694,853,693,853,692,852,691,852,690,851,689,850,688,849,687,848,687,847,686,846,686,845,686,844,685,843,685
363,695,362,696,361,696,360,696,359,697,358,698,357,699,357,700,357,701,357,702,357,703,357,704,357,705,357,706,358,707,358,708,359,709,360,710,361,710,362,711,363,711,364,711,365,711,366,711,367,710,368,710,369,709,370,708,371,707,371,706,372,705,372,704,372,703,372,702,372,701,371,700,371,699,370,698,369,697,368,696,367,696,366,695,365,695,364,695
606,738,605,739,604,740,603,741,603,742,602,743,602,744,602,745,602,746,603,747,603,748,604,749,604,750,605,751,606,752,607,753,608,753,609,754,610,754,611,754,612,754,613,755,614,755,615,754,616,754,617,754,618,753,619,752,619,751,620,750,620,749,620,748,620,747,620,746,620,745,620,744,619,743,619,742,618,741,617,740,616,739,615,739,614,738,613,738,612,738,611,738,610,738,609,738,608,738,607,738
1001,738,1000,739,999,739,998,739,997,740,996,741,996,742,995,743,995,744,995,745,994,746,995,747,995,748,995,749,996,750,997,751,998,751,999,752,1000,752,1001,752,1002,752,1003,752,1004,752,1005,752,1006,751,1007,751,1008,750,1008,749,1009,748,1009,747,1009,746,1009,745,1009,744,1009,743,1009,742,1008,741,1007,740,1006,739,1005,739,1004,739,1003,738,1002,738
353,751,352,752,351,752,351,753,350,754,350,755,349,756,349,757,349,758,348,759,348,760,349,761,349,762,349,763,349,764,350,765,351,766,352,767,353,767,354,768,355,768,356,767,357,767,358,767,359,766,360,765,361,764,362,763,362,762,362,761,363,760,363,759,362,758,362,757,362,756,362,755,362,754,361,753,360,752,359,752,358,751,357,751,356,751,355,751,354,751
283,788,282,789,281,789,280,790,279,791,278,792,277,793,276,794,276,795,276,796,275,797,275,798,275,799,275,800,275,801,275,802,276,803,276,804,277,805,278,805,279,806,280,806,281,807,282,807,283,807,284,807,285,807,286,807,287,806,288,806,289,805,290,805,291,804,291,803,292,802,293,801,293,800,293,799,294,798,294,797,294,796,294,795,293,794,293,793,293,792,292,791,291,790,290,789,289,789,288,789,287,788,286,788,285,788,284,788
218,798,217,799,216,800,215,801,214,802,214,803,214,804,214,805,214,806,214,807,214,808,214,809,215,810,216,811,217,811,218,812,219,812,220,812,221,812,222,812,223,812,224,812,225,812,226,811,227,811,228,810,229,809,229,808,230,807,230,806,230,805,230,804,230,803,229,802,229,801,228,800,227,799,226,798,225,798,224,798,223,798,222,798,221,798,220,798,219,798
463,846,462,847,461,847,460,847,459,847,458,848,457,848,456,849,455,850,454,851,453,852,453,853,453,854,452,855,452,856,452,857,452,858,453,859,453,860,454,861,455,862,456,863,457,863,458,864,459,864,460,864,461,865,462,865,463,865,464,865,465,865,466,865,467,865,468,865,469,865,470,864,471,864,472,863,473,863,474,862,475,861,475,860,475,859,476,858,476,857,476,856,476,855,475,854,475,853,475,852,474,851,474,850,473,849,472,848,471,848,470,847,469,847,468,847,467,847,466,846,465,846,464,846
672,851,671,852,670,852,669,853,668,854,667,855,667,856,667,857,666,858,666,859,666,860,667,861,667,862,668,863,669,864,670,864,671,865,672,865,673,866,674,866,675,866,676,866,677,866,678,866,679,866,680,866,681,865,682,865,683,864,684,863,685,862,685,861,686,860,686,859,686,858,686,857,685,856,685,855,684,854,683,853,682,853,681,852,680,852,679,852,678,852,677,852,676,851,675,851,674,851,673,851
126,899,125,900,124,901,123,902,122,903,122,904,121,905,121,906,121,907,121,908,121,909,122,910,122,911,123,912,124,912,125,912,126,913,127,913,128,913,129,913,130,913,131,912,132,912,133,912,134,911,135,910,136,909,137,908,137,907,137,906,137,905,137,904,137,903,136,902,135,901,134,900,133,899,132,899,131,899,130,899,129,899,128,899,127,899
636,914,635,915,634,915,633,916,632,917,631,917,631,918,630,919,629,920,629,921,630,922,629,923,629,924,629,925,629,926,630,927,630,928,631,928,632,929,633,929,634,929,635,929,636,929,637,929,638,929,639,928,640,927,641,926,642,925,642,924,643,923,643,922,643,921,643,920,643,919,643,918,642,917,642,916,641,915,640,915,639,914,638,914,637,914
40,923,39,924,38,925,37,925,36,926,35,927,34,928,34,929,33,930,33,931,33,932,33,933,34,934,34,935,35,936,36,937,37,938,38,939,39,939,40,940,41,940,42,940,43,940,44,940,45,940,46,940,47,939,48,938,49,938,49,937,50,936,51,935,51,934,51,933,52,932,52,931,51,930,51,929,51,928,50,927,50,926,49,925,48,925,47,924,46,924,45,923,44,923,43,923,42,923,41,923
352,929,351,930,350,930,349,930,348,931,347,932,346,933,345,934,345,935,345,936,344,937,344,938,344,939,344,940,344,941,344,942,345,943,345,944,346,945,347,946,348,947,349,947,350,947,351,947,352,947,353,946,354,946,355,945,356,944,357,943,357,942,358,941,358,940,359,939,359,938,359,937,359,936,359,935,359,934,359,933,358,932,357,931,356,930,355,930,354,930,353,929
612,954,611,955,610,956,609,957,608,958,608,959,608,960,607,961,607,962,607,963,607,964,608,965,608,966,608,967,609,968,610,969,611,970,612,970,613,971,614,971,615,971,616,971,617,971,618,971,619,970,620,970,621,969,622,968,623,967,623,966,623,965,623,964,623,963,623,962,623,961,622,960,622,959,621,958,620,957,619,956,618,955,617,954,616,954,615,954,614,954,613,954
